3.7131159761939094,3.7131159761939094,3.7131159761939094,3.7131159761939094,3.7131159761939094,3.7131159761939094,3.7131159761939094,3.7131159761939094,3.7131159761939094,3.7131159761939094,3.7131159761939094,3.910794411497459,3.239581161235302,3.239581161235302,3.239581161235302,3.239581161235302,3.239581161235302,3.428939257512657,3.428939257512657,3.428939257512657,3.428939257512657,3.428939257512657,3.428939257512657,3.428939257512657,3.428939257512657,4.741934540812043,3.9733665619300322,3.9733665619300322,3.9733665619300322,3.9733665619300322,
3.7131159761939094,3.7131159761939094,3.7131159761939094,3.7131159761939094,3.7131159761939094,3.7131159761939094,3.7131159761939094,3.7131159761939094,3.7131159761939094,3.7131159761939094,3.7131159761939094,3.910794411497459,3.239581161235302,3.239581161235302,3.239581161235302,3.239581161235302,3.239581161235302,3.428939257512657,3.428939257512657,3.428939257512657,3.428939257512657,3.428939257512657,3.428939257512657,3.428939257512657,3.428939257512657,4.741934540812043,3.9733665619300322,3.9733665619300322,3.9733665619300322,3.9733665619300322,
3.7131159761939094,3.7131159761939094,3.7131159761939094,3.7131159761939094,3.7131159761939094,3.7131159761939094,3.7131159761939094,3.7131159761939094,3.7131159761939094,3.7131159761939094,3.7131159761939094,3.910794411497459,3.239581161235302,3.239581161235302,3.239581161235302,3.239581161235302,3.239581161235302,3.428939257512657,3.428939257512657,3.428939257512657,3.428939257512657,3.428939257512657,3.428939257512657,3.428939257512657,3.428939257512657,4.741934540812043,3.9733665619300322,3.9733665619300322,3.9733665619300322,3.9733665619300322,
3.7131159761939094,3.7131159761939094,3.7131159761939094,3.7131159761939094,3.7131159761939094,3.7131159761939094,3.7131159761939094,3.7131159761939094,3.7131159761939094,3.7131159761939094,3.7131159761939094,3.910794411497459,3.239581161235302,3.239581161235302,3.239581161235302,3.239581161235302,3.239581161235302,3.428939257512657,3.428939257512657,3.428939257512657,3.428939257512657,3.428939257512657,3.428939257512657,3.428939257512657,3.428939257512657,4.741934540812043,3.9733665619300322,3.9733665619300322,3.9733665619300322,3.9733665619300322,
3.7131159761939094,3.7131159761939094,3.7131159761939094,3.7131159761939094,3.7131159761939094,3.7131159761939094,3.7131159761939094,3.7131159761939094,3.7131159761939094,3.7131159761939094,3.7131159761939094,3.910794411497459,3.239581161235302,3.239581161235302,3.239581161235302,3.239581161235302,3.239581161235302,3.428939257512657,3.428939257512657,3.428939257512657,3.428939257512657,3.428939257512657,3.428939257512657,3.428939257512657,3.428939257512657,4.741934540812043,3.9733665619300322,3.9733665619300322,3.9733665619300322,3.9733665619300322,
3.4560940155784072,3.4560940155784072,3.4560940155784072,3.4560940155784072,3.4560940155784072,3.4560940155784072,3.4560940155784072,3.4560940155784072,3.4560940155784072,3.4560940155784072,3.4560940155784072,3.4560940155784072,3.5663224361090786,3.5663224361090786,3.5663224361090786,3.5663224361090786,3.0219426969908763,3.0219426969908763,3.0219426969908763,3.0219426969908763,3.0219426969908763,3.0219426969908763,3.0219426969908763,3.0219426969908763,3.7384200916657226,3.853564521951177,3.853564521951177,3.853564521951177,2.3520028224108382,3.173649163874265,
3.4560940155784072,3.4560940155784072,3.4560940155784072,3.4560940155784072,3.4560940155784072,3.4560940155784072,3.4560940155784072,3.4560940155784072,3.4560940155784072,3.4560940155784072,3.4560940155784072,3.4560940155784072,3.5663224361090786,3.5663224361090786,3.5663224361090786,3.5663224361090786,3.0219426969908763,3.0219426969908763,3.0219426969908763,3.0219426969908763,3.0219426969908763,3.0219426969908763,3.0219426969908763,3.0219426969908763,3.7384200916657226,3.853564521951177,3.853564521951177,3.853564521951177,2.3520028224108382,3.173649163874265,
3.4560940155784072,3.4560940155784072,3.4560940155784072,3.4560940155784072,3.4560940155784072,3.4560940155784072,3.4560940155784072,3.4560940155784072,3.4560940155784072,3.4560940155784072,3.4560940155784072,3.4560940155784072,3.5663224361090786,3.5663224361090786,3.5663224361090786,3.5663224361090786,3.0219426969908763,3.0219426969908763,3.0219426969908763,3.0219426969908763,3.0219426969908763,3.0219426969908763,3.0219426969908763,3.0219426969908763,3.7384200916657226,3.853564521951177,3.853564521951177,3.853564521951177,2.3520028224108382,3.173649163874265,
3.4560940155784072,3.4560940155784072,3.4560940155784072,3.4560940155784072,3.4560940155784072,3.4560940155784072,3.4560940155784072,3.4560940155784072,3.4560940155784072,3.4560940155784072,3.4560940155784072,3.4560940155784072,3.5663224361090786,3.5663224361090786,3.5663224361090786,3.5663224361090786,3.0219426969908763,3.0219426969908763,3.0219426969908763,3.0219426969908763,3.0219426969908763,3.0219426969908763,3.0219426969908763,3.0219426969908763,3.7384200916657226,3.853564521951177,3.853564521951177,3.853564521951177,2.3520028224108382,3.173649163874265,
3.4560940155784072,3.4560940155784072,3.4560940155784072,3.4560940155784072,3.4560940155784072,3.4560940155784072,3.4560940155784072,3.4560940155784072,3.4560940155784072,3.4560940155784072,3.4560940155784072,3.4560940155784072,3.5663224361090786,3.5663224361090786,3.5663224361090786,3.5663224361090786,3.0219426969908763,3.0219426969908763,3.0219426969908763,3.0219426969908763,3.0219426969908763,3.0219426969908763,3.0219426969908763,3.0219426969908763,3.7384200916657226,3.853564521951177,3.853564521951177,3.853564521951177,2.3520028224108382,3.173649163874265,
3.7131159761939165,3.7131159761939165,3.7131159761939165,3.7131159761939165,3.7131159761939165,3.7131159761939165,3.7131159761939165,3.7131159761939165,3.7131159761939165,3.7131159761939165,3.7131159761939165,3.910794117008369,3.239671169308727,3.239671169308727,3.239671169308727,3.239671169308727,3.239671169308727,3.429009234759698,3.429009234759698,3.429009234759698,3.429009234759698,3.429009234759698,3.429009234759698,3.429009234759698,3.429009234759698,4.741953978588363,3.9733462732670226,3.9733462732670226,3.9733462732670226,3.9733462732670226,
3.7131159761939165,3.7131159761939165,3.7131159761939165,3.7131159761939165,3.7131159761939165,3.7131159761939165,3.7131159761939165,3.7131159761939165,3.7131159761939165,3.7131159761939165,3.7131159761939165,3.910794117008369,3.239671169308727,3.239671169308727,3.239671169308727,3.239671169308727,3.239671169308727,3.429009234759698,3.429009234759698,3.429009234759698,3.429009234759698,3.429009234759698,3.429009234759698,3.429009234759698,3.429009234759698,4.741953978588363,3.9733462732670226,3.9733462732670226,3.9733462732670226,3.9733462732670226,
3.7131159761939165,3.7131159761939165,3.7131159761939165,3.7131159761939165,3.7131159761939165,3.7131159761939165,3.7131159761939165,3.7131159761939165,3.7131159761939165,3.7131159761939165,3.7131159761939165,3.910794117008369,3.239671169308727,3.239671169308727,3.239671169308727,3.239671169308727,3.239671169308727,3.429009234759698,3.429009234759698,3.429009234759698,3.429009234759698,3.429009234759698,3.429009234759698,3.429009234759698,3.429009234759698,4.741953978588363,3.9733462732670226,3.9733462732670226,3.9733462732670226,3.9733462732670226,
3.7131159761939165,3.7131159761939165,3.7131159761939165,3.7131159761939165,3.7131159761939165,3.7131159761939165,3.7131159761939165,3.7131159761939165,3.7131159761939165,3.7131159761939165,3.7131159761939165,3.910794117008369,3.239671169308727,3.239671169308727,3.239671169308727,3.239671169308727,3.239671169308727,3.429009234759698,3.429009234759698,3.429009234759698,3.429009234759698,3.429009234759698,3.429009234759698,3.429009234759698,3.429009234759698,4.741953978588363,3.9733462732670226,3.9733462732670226,3.9733462732670226,3.9733462732670226,
3.7131159761939165,3.7131159761939165,3.7131159761939165,3.7131159761939165,3.7131159761939165,3.7131159761939165,3.7131159761939165,3.7131159761939165,3.7131159761939165,3.7131159761939165,3.7131159761939165,3.910794117008369,3.239671169308727,3.239671169308727,3.239671169308727,3.239671169308727,3.239671169308727,3.429009234759698,3.429009234759698,3.429009234759698,3.429009234759698,3.429009234759698,3.429009234759698,3.429009234759698,3.429009234759698,4.741953978588363,3.9733462732670226,3.9733462732670226,3.9733462732670226,3.9733462732670226,
3.4560940155783975,3.4560940155783975,3.4560940155783975,3.4560940155783975,3.4560940155783975,3.4560940155783975,3.4560940155783975,3.4560940155783975,3.4560940155783975,3.4560940155783975,3.4560940155783975,3.4560940155783975,3.566322436109076,3.566322436109076,3.566322436109076,3.566322436109076,3.02194269699087,3.02194269699087,3.02194269699087,3.02194269699087,3.02194269699087,3.02194269699087,3.02194269699087,3.02194269699087,3.738420091665735,3.8535645219511716,3.8535645219511716,3.8535645219511716,2.3520028224108285,3.1736491638742463,
3.4560940155783975,3.4560940155783975,3.4560940155783975,3.4560940155783975,3.4560940155783975,3.4560940155783975,3.4560940155783975,3.4560940155783975,3.4560940155783975,3.4560940155783975,3.4560940155783975,3.4560940155783975,3.566322436109076,3.566322436109076,3.566322436109076,3.566322436109076,3.02194269699087,3.02194269699087,3.02194269699087,3.02194269699087,3.02194269699087,3.02194269699087,3.02194269699087,3.02194269699087,3.738420091665735,3.8535645219511716,3.8535645219511716,3.8535645219511716,2.3520028224108285,3.1736491638742463,
3.4560940155783975,3.4560940155783975,3.4560940155783975,3.4560940155783975,3.4560940155783975,3.4560940155783975,3.4560940155783975,3.4560940155783975,3.4560940155783975,3.4560940155783975,3.4560940155783975,3.4560940155783975,3.566322436109076,3.566322436109076,3.566322436109076,3.566322436109076,3.02194269699087,3.02194269699087,3.02194269699087,3.02194269699087,3.02194269699087,3.02194269699087,3.02194269699087,3.02194269699087,3.738420091665735,3.8535645219511716,3.8535645219511716,3.8535645219511716,2.3520028224108285,3.1736491638742463,
3.4560940155783975,3.4560940155783975,3.4560940155783975,3.4560940155783975,3.4560940155783975,3.4560940155783975,3.4560940155783975,3.4560940155783975,3.4560940155783975,3.4560940155783975,3.4560940155783975,3.4560940155783975,3.566322436109076,3.566322436109076,3.566322436109076,3.566322436109076,3.02194269699087,3.02194269699087,3.02194269699087,3.02194269699087,3.02194269699087,3.02194269699087,3.02194269699087,3.02194269699087,3.738420091665735,3.8535645219511716,3.8535645219511716,3.8535645219511716,2.3520028224108285,3.1736491638742463,
3.4560940155783975,3.4560940155783975,3.4560940155783975,3.4560940155783975,3.4560940155783975,3.4560940155783975,3.4560940155783975,3.4560940155783975,3.4560940155783975,3.4560940155783975,3.4560940155783975,3.4560940155783975,3.566322436109076,3.566322436109076,3.566322436109076,3.566322436109076,3.02194269699087,3.02194269699087,3.02194269699087,3.02194269699087,3.02194269699087,3.02194269699087,3.02194269699087,3.02194269699087,3.738420091665735,3.8535645219511716,3.8535645219511716,3.8535645219511716,2.3520028224108285,3.1736491638742463,
