id,current,real_power_from,reactive_power_from,real_power_to,reactive_power_to,resistance,reactance,susceptance,rateA,rateB,rateC,ratio,angle,angmin,angmax
1,0.0,19.34525407940401,-7.810398033555188,-19.262442083656293,5.058834020798189,0.02,0.06,0.03,130.0,130.0,130.0,0.0,0.0,-360.0,360.0
2,0.0,19.625585550898705,4.098776118488701,-19.42000498783764,-5.280156126002315,0.05,0.19,0.02,130.0,130.0,130.0,0.0,0.0,-360.0,360.0
3,0.0,19.127535112137256,5.589711514037288,-18.8819629737547,-6.849895909753919,0.06,0.17,0.02,65.0,65.0,65.0,0.0,0.0,-360.0,360.0
4,0.0,17.020004987833666,4.08015612600697,-16.988181525101854,-3.952862275079728,0.01,0.04,0.0,130.0,130.0,130.0,0.0,0.0,-360.0,360.0
5,0.0,15.449737127529872,4.692622363659757,-15.314186964187371,-6.113353660095913,0.05,0.2,0.02,130.0,130.0,130.0,0.0,0.0,-360.0,360.0
6,0.0,23.955169843984518,7.736945063808783,-23.565059221203228,-8.50875465315908,0.06,0.18,0.02,65.0,65.0,65.0,0.0,0.0,-360.0,360.0
7,0.0,26.02690301663207,10.958876538724063,-25.943480431600808,-10.625186198598996,0.01,0.04,0.0,90.0,90.0,90.0,0.0,0.0,-360.0,360.0
8,0.0,15.31418696418631,6.296310730560513,-15.16855747318254,-6.894187590268741,0.05,0.12,0.01,70.0,70.0,70.0,0.0,0.0,-360.0,360.0
9,0.0,7.6542263166023545,3.12957679042742,-7.631442526818136,-4.005812409730916,0.03,0.08,0.01,130.0,130.0,130.0,0.0,0.0,-360.0,360.0
10,0.0,23.320741005274467,24.377809569824826,-23.19993806733315,-23.89459781805956,0.01,0.04,0.0,32.0,32.0,32.0,0.0,0.0,-360.0,360.0
11,0.0,16.092854586894372,-3.6649124410194247,-16.092854586894376,4.272108159278267,0.0,0.21,0.0,65.0,65.0,65.0,0.0,0.0,-360.0,360.0
12,0.0,9.195916906794501,-2.0942356805787967,-9.195916906794501,2.6229503196065616,0.0,0.56,0.0,32.0,32.0,32.0,0.0,0.0,-360.0,360.0
13,0.0,0.0,0.0,0.0,0.0,0.0,0.21,0.0,65.0,65.0,65.0,0.0,0.0,-360.0,360.0
14,0.0,16.092854586883366,-4.272108159258532,-16.092854586883366,4.590163059298277,0.0,0.11,0.0,65.0,65.0,65.0,0.0,0.0,-360.0,360.0
15,0.0,2.2432414822187967,-1.756118353882373,-2.2432414822187967,1.778192029449379,0.0,0.26,0.0,65.0,65.0,65.0,0.0,0.0,-360.0,360.0
16,0.0,-36.99999999999971,-11.355962857547857,36.99999999999971,13.528802763444899,0.0,0.14,0.0,65.0,65.0,65.0,0.0,0.0,-360.0,360.0
17,0.0,5.426512208694262,1.8059797995642113,-5.38584510341242,-1.7178677381202194,0.12,0.26,0.0,32.0,32.0,32.0,0.0,0.0,-360.0,360.0
18,0.0,9.080074354848097,2.5030573454926803,-9.015733678688441,-2.38356751833903,0.07,0.13,0.0,32.0,32.0,32.0,0.0,0.0,-360.0,360.0
19,0.0,13.536654918674513,-2.231266316946355,-13.361142687453983,2.6212934974364193,0.09,0.2,0.0,32.0,32.0,32.0,0.0,0.0,-360.0,360.0
20,0.0,-0.8141548965873368,0.11786773812074525,0.8157336786923788,-0.11643248166161622,0.22,0.2,0.0,16.0,16.0,16.0,0.0,0.0,-360.0,360.0
21,0.0,9.86114268745138,-4.421293497430476,-9.762861355172424,4.654711661593004,0.08,0.19,0.0,16.0,16.0,16.0,0.0,0.0,-360.0,360.0
22,0.0,8.0172998204004,-0.7400923149547519,-7.941154888929091,0.8923821778973707,0.11,0.22,0.0,16.0,16.0,16.0,0.0,0.0,-360.0,360.0
23,0.0,-3.199999999219179,-0.9000000001282861,3.2073785292519656,0.9159868151993236,0.06,0.13,0.0,16.0,16.0,16.0,0.0,0.0,-360.0,360.0
24,0.0,-12.707378529406194,-4.315986814876875,12.767097872331462,4.455331948369165,0.03,0.07,0.0,32.0,32.0,32.0,0.0,0.0,-360.0,360.0
25,0.0,15.212631232866144,5.728243121918283,-14.967097872659599,-5.155331948103005,0.09,0.21,0.0,32.0,32.0,32.0,0.0,0.0,-360.0,360.0
26,0.0,-0.7282417793293623,10.547030530507733,0.7628613551735124,-10.45471166159,0.03,0.08,0.0,32.0,32.0,32.0,0.0,0.0,-360.0,360.0
27,0.0,4.675144617232998,-14.958632139133849,-4.599067274754167,15.136145938251117,0.03,0.07,0.0,32.0,32.0,32.0,0.0,0.0,-360.0,360.0
28,0.0,0.3292374228659455,-10.529754892127556,-0.2490265125456208,10.701635414242537,0.07,0.15,0.0,32.0,32.0,32.0,0.0,0.0,-360.0,360.0
29,0.0,-12.900932725226616,-26.336145938253946,12.988082120920941,26.510444729642597,0.01,0.02,0.0,32.0,32.0,32.0,0.0,0.0,-360.0,360.0
30,0.0,-8.805305769580784,-5.248408821791849,8.914666564473727,5.467130411577737,0.1,0.2,0.0,16.0,16.0,16.0,0.0,0.0,-360.0,360.0
31,0.0,8.850944391638981,6.888234636582751,-8.699999999999978,-6.661818049124244,0.12,0.18,0.0,16.0,16.0,16.0,0.0,0.0,-360.0,360.0
32,0.0,16.00000000000625,-3.343209194644106,-15.652669837971093,4.064587223486358,0.13,0.27,0.0,16.0,16.0,16.0,0.0,0.0,-360.0,360.0
33,0.0,-7.877608505732151,1.6338424996974106,8.004676254152757,-1.4131458840195166,0.19,0.33,0.0,16.0,16.0,16.0,0.0,0.0,-360.0,360.0
34,0.0,3.5466667216827723,2.3709334169580103,-3.4999999999998948,-2.3000000000000362,0.25,0.38,0.0,16.0,16.0,16.0,0.0,0.0,-360.0,360.0
35,0.0,6.981263626948497E-16,-4.440478862978367E-14,-6.981263626948491E-16,4.440478862978367E-14,0.11,0.21,0.0,16.0,16.0,16.0,0.0,0.0,-360.0,360.0
36,0.0,-13.613723046215448,-6.1006124412603695,13.613723046215448,7.0402041604604575,0.0,0.4,0.0,65.0,65.0,65.0,0.0,0.0,-360.0,360.0
37,0.0,6.173882003297177,1.6840278133303896,-6.083785912230421,-1.5120261849302197,0.22,0.42,0.0,16.0,16.0,16.0,0.0,0.0,-360.0,360.0
38,0.0,7.122394950487262,1.6745629326654168,-6.951090403779475,-1.353366907588317,0.32,0.6,0.0,16.0,16.0,16.0,0.0,0.0,-360.0,360.0
39,0.0,3.6837859122304404,0.6120261849302197,-3.648909596220547,-0.5466330924116686,0.24,0.45,0.0,16.0,16.0,16.0,0.0,0.0,-360.0,360.0
40,0.0,-6.8000619326663205,-6.105402181940775,6.847861761340857,4.399117783764344,0.06,0.2,0.02,32.0,32.0,32.0,0.0,0.0,-360.0,360.0
41,0.0,-6.755199162785791,-2.614297386871734,6.765861284875066,1.7014946574956997,0.02,0.06,0.01,32.0,32.0,32.0,0.0,0.0,-360.0,360.0
