id,current,real_power_from,reactive_power_from,real_power_to,reactive_power_to,resistance,reactance,susceptance,rateA,rateB,rateC,ratio,angle,angmin,angmax
1,12.0198054991476,9.553968504490324,0.0,-9.553968504490324,0.0,0.02,0.06,0.03,130.0,130.0,130.0,0.0,0.0,-360.0,360.0
2,15.627368075096,23.530000000000058,0.0,-23.530000000000058,0.0,0.05,0.19,0.02,130.0,130.0,130.0,0.0,0.0,-360.0,360.0
3,16.889755935607,20.390997148100084,0.0,-20.390997148100084,0.0,0.06,0.17,0.02,65.0,65.0,65.0,0.0,0.0,-360.0,360.0
4,13.5242723441778,-2.279999999999999,0.0,2.279999999999999,0.0,0.01,0.04,0.0,130.0,130.0,130.0,0.0,0.0,-360.0,360.0
5,14.5092415137559,15.089173298865493,0.0,-15.089173298865493,0.0,0.05,0.2,0.02,130.0,130.0,130.0,0.0,0.0,-360.0,360.0
6,21.5907453006861,23.90482955303443,0.0,-23.90482955303443,0.0,0.06,0.18,0.02,65.0,65.0,65.0,0.0,0.0,-360.0,360.0
7,25.7277268257728,20.90999510922956,0.0,-20.90999510922956,0.0,0.01,0.04,0.0,90.0,90.0,90.0,0.0,0.0,-360.0,360.0
8,15.2954491925585,15.089173298865497,0.0,-15.089173298865497,0.0,0.05,0.12,0.01,70.0,70.0,70.0,0.0,0.0,-360.0,360.0
9,10.0660487775312,6.570826701134509,0.0,-6.570826701134509,0.0,0.03,0.08,0.01,130.0,130.0,130.0,0.0,0.0,-360.0,360.0
10,35.7860498026619,26.487837905741422,0.0,-26.487837905741422,0.0,0.01,0.04,0.0,32.0,32.0,32.0,0.0,0.0,-360.0,360.0
11,6.87594883191764,7.481192762519674,0.0,-7.481192762519674,0.0,0.0,0.21,0.0,65.0,65.0,65.0,0.0,0.0,-360.0,360.0
12,3.92911361972474,4.274967292868386,0.0,-4.274967292868386,0.0,0.0,0.56,0.0,32.0,32.0,32.0,0.0,0.0,-360.0,360.0
13,0.0,0.0,0.0,-0.0,0.0,0.0,0.21,0.0,65.0,65.0,65.0,0.0,0.0,-360.0,360.0
14,6.87594883948324,7.481192762519681,0.0,-7.481192762519681,0.0,0.0,0.11,0.0,65.0,65.0,65.0,0.0,0.0,-360.0,360.0
15,2.67716230266944,-10.018997961129477,0.0,10.018997961129477,0.0,0.0,0.26,0.0,65.0,65.0,65.0,0.0,0.0,-360.0,360.0
16,38.7025557415843,-36.99999999999999,0.0,36.99999999999999,0.0,0.0,0.14,0.0,65.0,65.0,65.0,0.0,0.0,-360.0,360.0
17,5.53951817923525,2.1199999999999997,0.0,-2.1199999999999997,0.0,0.12,0.26,0.0,32.0,32.0,32.0,0.0,0.0,-360.0,360.0
18,9.67712849048735,-1.5600000000000014,0.0,1.5600000000000014,0.0,0.07,0.13,0.0,32.0,32.0,32.0,0.0,0.0,-360.0,360.0
19,9.40079112557654,15.781002038870518,0.0,-15.781002038870518,0.0,0.09,0.2,0.0,32.0,32.0,32.0,0.0,0.0,-360.0,360.0
20,1.19493176060535,-3.7700000000000014,0.0,3.7700000000000014,0.0,0.22,0.2,0.0,16.0,16.0,16.0,0.0,0.0,-360.0,360.0
21,6.19189588976238,12.456002038870519,0.0,-12.456002038870519,0.0,0.08,0.19,0.0,16.0,16.0,16.0,0.0,0.0,-360.0,360.0
22,9.38150942632964,3.04,0.0,-3.04,0.0,0.11,0.22,0.0,16.0,16.0,16.0,0.0,0.0,-360.0,360.0
23,6.06880465019552,8.609601843063087,0.0,-8.609601843063087,0.0,0.06,0.13,0.0,16.0,16.0,16.0,0.0,0.0,-360.0,360.0
24,5.44802982559603,-9.025000000000006,0.0,9.025000000000006,0.0,0.03,0.07,0.0,32.0,32.0,32.0,0.0,0.0,-360.0,360.0
25,7.62780440620251,11.114999999999995,0.0,-11.114999999999995,0.0,0.09,0.21,0.0,32.0,32.0,32.0,0.0,0.0,-360.0,360.0
26,8.83048279194884,-3.906002038870514,0.0,3.906002038870514,0.0,0.03,0.08,0.0,32.0,32.0,32.0,0.0,0.0,-360.0,360.0
27,12.0671235322717,0.7836429755782849,0.0,-0.7836429755782849,0.0,0.03,0.07,0.0,32.0,32.0,32.0,0.0,0.0,-360.0,360.0
28,9.42354801290393,-1.7464808813196973,0.0,1.7464808813196973,0.0,0.07,0.15,0.0,32.0,32.0,32.0,0.0,0.0,-360.0,360.0
29,30.512315606976,-15.841357024421725,0.0,15.841357024421725,0.0,0.01,0.02,0.0,32.0,32.0,32.0,0.0,0.0,-360.0,360.0
30,10.4575711756098,-16.160000000000004,0.0,16.160000000000004,0.0,0.1,0.2,0.0,16.0,16.0,16.0,0.0,0.0,-360.0,360.0
31,8.07606706204184,4.00216209425857,0.0,-4.00216209425857,0.0,0.12,0.18,0.0,16.0,16.0,16.0,0.0,0.0,-360.0,360.0
32,7.14024449388518,7.47186860646327,0.0,-7.47186860646327,0.0,0.13,0.27,0.0,16.0,16.0,16.0,0.0,0.0,-360.0,360.0
33,4.29126379170297,-4.2628379057414305,0.0,4.2628379057414305,0.0,0.19,0.33,0.0,16.0,16.0,16.0,0.0,0.0,-360.0,360.0
34,4.30786208592934,3.324999999999999,0.0,-3.324999999999999,0.0,0.25,0.38,0.0,16.0,16.0,16.0,0.0,0.0,-360.0,360.0
35,7.54158526567516,-7.587837905741428,0.0,7.587837905741428,0.0,0.11,0.21,0.0,16.0,16.0,16.0,0.0,0.0,-360.0,360.0
36,8.84887802458799,-2.0121620942585743,0.0,2.0121620942585743,0.0,0.0,0.4,0.0,65.0,65.0,65.0,0.0,0.0,-360.0,360.0
37,6.39943502552689,6.040816326530614,0.0,-6.040816326530614,0.0,0.22,0.42,0.0,16.0,16.0,16.0,0.0,0.0,-360.0,360.0
38,7.31660240824338,12.349999999999996,0.0,-12.349999999999996,0.0,0.32,0.6,0.0,16.0,16.0,16.0,0.0,0.0,-360.0,360.0
39,3.81205958985773,-2.2799999999999985,0.0,2.2799999999999985,0.0,0.24,0.45,0.0,16.0,16.0,16.0,0.0,0.0,-360.0,360.0
40,8.4035734516675,-2.0121620942585747,0.0,2.0121620942585747,0.0,0.06,0.2,0.02,32.0,32.0,32.0,0.0,0.0,-360.0,360.0
41,2.88491555524563,0.28772293582459096,0.0,-0.28772293582459096,0.0,0.02,0.06,0.01,32.0,32.0,32.0,0.0,0.0,-360.0,360.0
