id,current,real_power_from,reactive_power_from,real_power_to,reactive_power_to,resistance,reactance,susceptance,rateA,rateB,rateC,ratio,angle,angmin,angmax
1,0.0,17.681911702574162,-7.278623072168777,-17.6127032053606,4.486248563809317,0.02,0.06,0.03,130.0,130.0,130.0,0.0,0.0,-360.0,360.0
2,0.0,18.38504151627578,6.544907298607328,-18.187573827425883,-7.748998842284719,0.05,0.19,0.02,130.0,130.0,130.0,0.0,0.0,-360.0,360.0
3,0.0,18.3760830026638,8.774287113740801,-18.1161527336022,-9.983942097900421,0.06,0.17,0.02,65.0,65.0,65.0,0.0,0.0,-360.0,360.0
4,0.0,15.787573827425822,6.548998842284765,-15.756966552988402,-6.4265697445350805,0.01,0.04,0.0,130.0,130.0,130.0,0.0,0.0,-360.0,360.0
5,0.0,15.182528667639911,6.4405710136563705,-15.039593030763438,-7.825098606341617,0.05,0.2,0.02,130.0,130.0,130.0,0.0,0.0,-360.0,360.0
6,0.0,23.324091535056834,11.599026856051143,-22.902442300863697,-12.26326364235298,0.06,0.18,0.02,65.0,65.0,65.0,0.0,0.0,-360.0,360.0
7,0.0,26.273119286590603,14.810511842435666,-26.176976711058458,-14.425941540307097,0.01,0.04,0.0,90.0,90.0,90.0,0.0,0.0,-360.0,360.0
8,0.0,15.03959303076328,8.00678993297732,-14.883683472205314,-8.57143891326417,0.05,0.12,0.01,70.0,70.0,70.0,0.0,0.0,-360.0,360.0
9,0.0,7.9378568261709,1.4607127872347587,-7.9163165277943826,-2.328561086735211,0.03,0.08,0.01,130.0,130.0,130.0,0.0,0.0,-360.0,360.0
10,0.0,30.20025720777053,30.80102883108202,-30.00000000000021,-30.000000000000743,0.01,0.04,0.0,32.0,32.0,32.0,0.0,0.0,-360.0,360.0
11,0.0,6.962648622351061,-3.5461595499619483,-6.962648622351061,3.684143793842085,0.0,0.21,0.0,65.0,65.0,65.0,0.0,0.0,-360.0,360.0
12,0.0,3.978656355629162,-2.0263768856925473,-3.978656355629162,2.146526431384094,0.0,0.56,0.0,32.0,32.0,32.0,0.0,0.0,-360.0,360.0
13,0.0,0.0,0.0,0.0,0.0,0.0,0.21,0.0,65.0,65.0,65.0,0.0,0.0,-360.0,360.0
14,0.0,6.962648622350981,-3.6841437938419928,-6.962648622350981,3.7564212549220626,0.0,0.11,0.0,65.0,65.0,65.0,0.0,0.0,-360.0,360.0
15,0.0,2.2432414822187967,-1.756118353882373,-2.2432414822187967,1.778192029449379,0.0,0.26,0.0,65.0,65.0,65.0,0.0,0.0,-360.0,360.0
16,0.0,-29.221932673297523,-13.648094093747872,29.221932673297523,15.16557658081572,0.0,0.14,0.0,65.0,65.0,65.0,0.0,0.0,-360.0,360.0
17,0.0,6.252558379401754,1.7138765082889966,-6.199999988396091,-1.5999999944433976,0.12,0.26,0.0,32.0,32.0,32.0,0.0,0.0,-360.0,360.0
18,0.0,8.254638778989953,2.6014720264734716,-8.199999994830714,-2.4999999987491646,0.07,0.13,0.0,32.0,32.0,32.0,0.0,0.0,-360.0,360.0
19,0.0,3.5147355073467397,1.8327455722295236,-3.499999999844993,-1.8000000000034198,0.09,0.2,0.0,32.0,32.0,32.0,0.0,0.0,-360.0,360.0
20,0.0,-0.8141680716774969,0.11784450376443995,0.8157561318279034,-0.1164008127186159,0.22,0.2,0.0,16.0,16.0,16.0,0.0,0.0,-360.0,360.0
21,0.0,7.6729394678091385,-3.6364044144025662,-7.612539413348012,3.7798545437477418,0.08,0.19,0.0,16.0,16.0,16.0,0.0,0.0,-360.0,360.0
22,0.0,8.0172998204004,-0.7400923149547519,-7.941154888929091,0.8923821778973707,0.11,0.22,0.0,16.0,16.0,16.0,0.0,0.0,-360.0,360.0
23,0.0,-3.1999999999999753,-0.8999999999999984,3.2073729448726294,0.915974713890748,0.06,0.13,0.0,16.0,16.0,16.0,0.0,0.0,-360.0,360.0
24,0.0,-12.707372944872642,-4.315974713890615,12.767047312783205,4.455214905681936,0.03,0.07,0.0,32.0,32.0,32.0,0.0,0.0,-360.0,360.0
25,0.0,2.204954849930231,0.7115613195779612,-2.1999999982966623,-0.6999999990996345,0.09,0.21,0.0,32.0,32.0,32.0,0.0,0.0,-360.0,360.0
26,0.0,9.036673709553641,5.897796558809325,-9.000000000000151,-5.800000000000026,0.03,0.08,0.0,32.0,32.0,32.0,0.0,0.0,-360.0,360.0
27,0.0,-0.95223083141346,-10.080620230281076,0.9838428150568269,10.154381525448935,0.03,0.07,0.0,32.0,32.0,32.0,0.0,0.0,-360.0,360.0
28,0.0,-3.895368731572991,-13.8007442451148,4.046482785756429,14.124560075507883,0.07,0.15,0.0,32.0,32.0,32.0,0.0,0.0,-360.0,360.0
29,0.0,-17.49999999999985,-11.200000000000031,17.54351721424348,11.287034428487294,0.01,0.02,0.0,32.0,32.0,32.0,0.0,0.0,-360.0,360.0
30,0.0,-8.805305769580784,-5.248408821791849,8.914666564473727,5.467130411577737,0.1,0.2,0.0,16.0,16.0,16.0,0.0,0.0,-360.0,360.0
31,0.0,8.85094439163898,6.888234636582611,-8.699999999999976,-6.661818049124108,0.12,0.18,0.0,16.0,16.0,16.0,0.0,0.0,-360.0,360.0
32,0.0,16.00000000000625,-3.343209194644106,-15.652669837971093,4.064587223486358,0.13,0.27,0.0,16.0,16.0,16.0,0.0,0.0,-360.0,360.0
33,0.0,-7.877608505732151,1.6338424996974106,8.004676254152757,-1.4131458840195166,0.19,0.33,0.0,16.0,16.0,16.0,0.0,0.0,-360.0,360.0
34,0.0,3.5466667216827723,2.3709334169580103,-3.4999999999998948,-2.3000000000000362,0.25,0.38,0.0,16.0,16.0,16.0,0.0,0.0,-360.0,360.0
35,0.0,-1.2258109845871952E-13,-2.715156093818869E-13,1.2258109845871962E-13,2.715156093818872E-13,0.11,0.21,0.0,16.0,16.0,16.0,0.0,0.0,-360.0,360.0
36,0.0,3.1605236650925903E-9,6.749780564086615E-9,-3.1605236650925903E-9,-6.74978056386442E-9,0.0,0.4,0.0,65.0,65.0,65.0,0.0,0.0,-360.0,360.0
37,0.0,2.414722995641553,0.9281075371338803,-2.39999999999999,-0.8999999999999879,0.22,0.42,0.0,16.0,16.0,16.0,0.0,0.0,-360.0,360.0
38,0.0,11.010774869250726,2.670202879845162,-10.599999999999985,-1.9000000000000208,0.32,0.6,0.0,16.0,16.0,16.0,0.0,0.0,-360.0,360.0
39,0.0,3.6837859122304124,0.612026184930235,-3.6489095962205185,-0.5466330924116845,0.24,0.45,0.0,16.0,16.0,16.0,0.0,0.0,-360.0,360.0
40,0.0,-13.351819547547922,-6.002254810619282,13.484502135107892,4.5615730682753375,0.06,0.2,0.02,32.0,32.0,32.0,0.0,0.0,-360.0,360.0
41,0.0,-6.650571464674247,-2.1537025601921136,6.660501288438675,1.2334531221358924,0.02,0.06,0.01,32.0,32.0,32.0,0.0,0.0,-360.0,360.0
