id,current,real_power_from,reactive_power_from,real_power_to,reactive_power_to,resistance,reactance,susceptance,rateA,rateB,rateC,ratio,angle,angmin,angmax
1,12.0198054991476,60.529999999999575,0.0,-60.529999999999575,0.0,0.02,0.06,0.03,130.0,130.0,130.0,0.0,0.0,-360.0,360.0
2,15.627368075096,45.40582969042804,0.0,-45.40582969042804,0.0,0.05,0.19,0.02,130.0,130.0,130.0,0.0,0.0,-360.0,360.0
3,16.889755935607,31.975906051999882,0.0,-31.975906051999882,0.0,0.06,0.17,0.02,65.0,65.0,65.0,0.0,0.0,-360.0,360.0
4,13.5242723441778,-2.3999999999999715,0.0,2.3999999999999715,0.0,0.01,0.04,0.0,130.0,130.0,130.0,0.0,0.0,-360.0,360.0
5,14.5092415137559,17.36969048701103,0.0,-17.36969048701103,0.0,0.05,0.2,0.02,130.0,130.0,130.0,0.0,0.0,-360.0,360.0
6,21.5907453006861,99.79999999999959,0.0,-99.79999999999959,0.0,0.06,0.18,0.02,65.0,65.0,65.0,0.0,0.0,-360.0,360.0
7,25.7277268257728,-35.065697470762906,0.0,35.065697470762906,0.0,0.01,0.04,0.0,90.0,90.0,90.0,0.0,0.0,-360.0,360.0
8,15.2954491925585,0.0,0.0,-0.0,0.0,0.05,0.12,0.01,70.0,70.0,70.0,0.0,0.0,-360.0,360.0
9,10.0660487775312,22.800000000000008,0.0,-22.800000000000008,0.0,0.03,0.08,0.01,130.0,130.0,130.0,0.0,0.0,-360.0,360.0
10,35.7860498026619,30.00000000000003,0.0,-30.00000000000003,0.0,0.01,0.04,0.0,32.0,32.0,32.0,0.0,0.0,-360.0,360.0
11,6.87594883191764,12.640263465037338,0.0,-12.640263465037338,0.0,0.0,0.21,0.0,65.0,65.0,65.0,0.0,0.0,-360.0,360.0
12,3.92911361972474,11.93430252923703,0.0,-11.93430252923703,0.0,0.0,0.56,0.0,32.0,32.0,32.0,0.0,0.0,-360.0,360.0
13,0.0,0.0,0.0,-0.0,0.0,0.0,0.21,0.0,65.0,65.0,65.0,0.0,0.0,-360.0,360.0
14,6.87594883948324,-1.0092936587501423E-13,0.0,1.0092936587501423E-13,0.0,0.0,0.11,0.0,65.0,65.0,65.0,0.0,0.0,-360.0,360.0
15,2.67716230266944,25.065697470762927,0.0,-25.065697470762927,0.0,0.0,0.26,0.0,65.0,65.0,65.0,0.0,0.0,-360.0,360.0
16,38.7025557415843,-36.99999999999999,0.0,36.99999999999999,0.0,0.0,0.14,0.0,65.0,65.0,65.0,0.0,0.0,-360.0,360.0
17,5.53951817923525,4.955964993490512,0.0,-4.955964993490512,0.0,0.12,0.26,0.0,32.0,32.0,32.0,0.0,0.0,-360.0,360.0
18,9.67712849048735,7.998029976966464,0.0,-7.998029976966464,0.0,0.07,0.13,0.0,32.0,32.0,32.0,0.0,0.0,-360.0,360.0
19,9.40079112557654,0.9117025003060886,0.0,-0.9117025003060886,0.0,0.09,0.2,0.0,32.0,32.0,32.0,0.0,0.0,-360.0,360.0
20,1.19493176060535,-1.244035006509464,0.0,1.244035006509464,0.0,0.22,0.2,0.0,16.0,16.0,16.0,0.0,0.0,-360.0,360.0
21,6.19189588976238,-2.5882974996939203,0.0,2.5882974996939203,0.0,0.08,0.19,0.0,16.0,16.0,16.0,0.0,0.0,-360.0,360.0
22,9.38150942632964,14.899999999999991,0.0,-14.899999999999991,0.0,0.11,0.22,0.0,16.0,16.0,16.0,0.0,0.0,-360.0,360.0
23,6.06880465019552,11.699999999999914,0.0,-11.699999999999914,0.0,0.06,0.13,0.0,16.0,16.0,16.0,0.0,0.0,-360.0,360.0
24,5.44802982559603,2.1999999999999797,0.0,-2.1999999999999797,0.0,0.03,0.07,0.0,32.0,32.0,32.0,0.0,0.0,-360.0,360.0
25,7.62780440620251,7.642237570835139,0.0,-7.642237570835139,0.0,0.09,0.21,0.0,32.0,32.0,32.0,0.0,0.0,-360.0,360.0
26,8.83048279194884,11.588297499693923,0.0,-11.588297499693923,0.0,0.03,0.08,0.0,32.0,32.0,32.0,0.0,0.0,-360.0,360.0
27,12.0671235322717,-5.453994970456843,0.0,5.453994970456843,0.0,0.03,0.07,0.0,32.0,32.0,32.0,0.0,0.0,-360.0,360.0
28,9.42354801290393,-4.0832426225807845,0.0,4.0832426225807845,0.0,0.07,0.15,0.0,32.0,32.0,32.0,0.0,0.0,-360.0,360.0
29,30.512315606976,-22.95399497045714,0.0,22.95399497045714,0.0,0.01,0.02,0.0,32.0,32.0,32.0,0.0,0.0,-360.0,360.0
30,10.4575711756098,-16.346005029542948,0.0,16.346005029542948,0.0,0.1,0.2,0.0,16.0,16.0,16.0,0.0,0.0,-360.0,360.0
31,8.07606706204184,-1.3639949704570709,0.0,1.3639949704570709,0.0,0.12,0.18,0.0,16.0,16.0,16.0,0.0,0.0,-360.0,360.0
32,7.14024449388518,-0.34600502954291235,0.0,0.34600502954291235,0.0,0.13,0.27,0.0,16.0,16.0,16.0,0.0,0.0,-360.0,360.0
33,4.29126379170297,-10.409999999999913,0.0,10.409999999999913,0.0,0.19,0.33,0.0,16.0,16.0,16.0,0.0,0.0,-360.0,360.0
34,4.30786208592934,3.5000000000000018,0.0,-3.5000000000000018,0.0,0.25,0.38,0.0,16.0,16.0,16.0,0.0,0.0,-360.0,360.0
35,7.54158526567516,-13.9099999999999,0.0,13.9099999999999,0.0,0.11,0.21,0.0,16.0,16.0,16.0,0.0,0.0,-360.0,360.0
36,8.84887802458799,-1.2790316285924974,0.0,1.2790316285924974,0.0,0.0,0.4,0.0,65.0,65.0,65.0,0.0,0.0,-360.0,360.0
37,6.39943502552689,6.040816326530619,0.0,-6.040816326530619,0.0,0.22,0.42,0.0,16.0,16.0,16.0,0.0,0.0,-360.0,360.0
38,7.31660240824338,6.959183673469391,0.0,-6.959183673469391,0.0,0.32,0.6,0.0,16.0,16.0,16.0,0.0,0.0,-360.0,360.0
39,3.81205958985773,3.640816326530609,0.0,-3.640816326530609,0.0,0.24,0.45,0.0,16.0,16.0,16.0,0.0,0.0,-360.0,360.0
40,8.4035734516675,-3.9999999999999964,0.0,3.9999999999999964,0.0,0.06,0.2,0.02,32.0,32.0,32.0,0.0,0.0,-360.0,360.0
41,2.88491555524563,0.0,0.0,-0.0,0.0,0.02,0.06,0.01,32.0,32.0,32.0,0.0,0.0,-360.0,360.0
