0.0,0.04337576614804339,0.04337576614804339,0.07119283356907125,0.08793022159358788,0.08793022159358788,0.08793022159358788,0.08793022159358788,0.0907590759075908,0.0907590759075908,0.0907590759075908,0.39565263731730316,0.39565263731730316,0.39565263731730316,0.39565263731730316,0.39565263731730316,0.4036677245403112,0.4036677245403112,0.4036677245403112,0.4036677245403112,0.44206971652522387,0.44206971652522387,0.44206971652522387,0.46328612388024504,0.46328612388024504,0.4665864539132484,0.4665864539132484,0.48073072548326257,0.48073072548326257,0.48073072548326257,
0.0,0.01980198019801982,0.035832154644035885,0.035832154644035885,0.14710042432814707,0.14710042432814707,0.2067421027817068,0.2067421027817068,0.2067421027817068,0.2067421027817068,0.2067421027817068,0.2067421027817068,0.2067421027817068,0.2067421027817068,0.2067421027817068,0.21357850070721363,0.21357850070721363,0.24563884959924565,0.2611975483262612,0.2611975483262612,0.2611975483262612,0.276991984912777,0.28123526638378127,0.2880716643092881,0.2880716643092881,0.29349363507779347,0.29349363507779347,0.29349363507779347,0.30410183875530405,0.30410183875530405,
0.0,0.0,0.0,0.019566242338519557,0.019566242338519557,0.019566242338519557,0.10513908533710514,0.11527581329561531,0.12069778406412068,0.12069778406412068,0.12069778406412068,0.12635549269212631,0.12635549269212631,0.12635549269212631,0.19801980198019797,0.19801980198019797,0.19801980198019797,0.19801980198019797,0.19801980198019797,0.19801980198019797,0.19801980198019797,0.19801980198019797,0.2628477133427628,0.2628477133427628,0.2628477133427628,0.2628477133427628,0.28665723715228664,0.28665723715228664,0.3125884016973126,0.3125884016973126,
0.0,0.02428099952852425,0.02428099952852425,0.02428099952852425,0.05940594059405946,0.06529938708156535,0.06812824139556817,0.06812824139556817,0.19330504479019328,0.19330504479019328,0.19330504479019328,0.21805752003771806,0.22866572371522864,0.22866572371522864,0.22866572371522864,0.22866572371522864,0.22866572371522864,0.2300801508722301,0.2300801508722301,0.2300801508722301,0.2300801508722301,0.2300801508722301,0.23455917020273453,0.23455917020273453,0.24446016030174444,0.24446016030174444,0.32814710042432815,0.363036303630363,0.363036303630363,0.363036303630363,
0.0,0.0,0.0,0.010136727958510172,0.010136727958510172,0.03418198962753416,0.04832626119754835,0.04832626119754835,0.04832626119754835,0.04832626119754835,0.08227251296558225,0.14214992927864212,0.14214992927864212,0.14214992927864212,0.14214992927864212,0.14214992927864212,0.14214992927864212,0.14214992927864212,0.14214992927864212,0.14497878359264493,0.14497878359264493,0.1492220650636492,0.1492220650636492,0.1492220650636492,0.1492220650636492,0.1492220650636492,0.18411126826968416,0.19212635549269208,0.19212635549269208,0.19212635549269208,
0.0,0.0,0.0,0.07991513437057995,0.0966525223950967,0.0966525223950967,0.0966525223950967,0.0966525223950967,0.0966525223950967,0.11221122112211224,0.11221122112211224,0.14568599717114572,0.1499292786421499,0.1499292786421499,0.1680810938236681,0.1680810938236681,0.17609618104667613,0.17609618104667613,0.17609618104667613,0.17609618104667613,0.20249882131070251,0.20249882131070251,0.20249882131070251,0.2237152286657237,0.2237152286657237,0.22701555869872703,0.22701555869872703,0.2411598302687411,0.2411598302687411,0.2411598302687411,
0.0,0.024988213107025037,0.08439415370108438,0.08439415370108438,0.12187647336162188,0.12989156058462992,0.12989156058462992,0.12989156058462992,0.18953323903818953,0.24917491749174914,0.24917491749174914,0.24917491749174914,0.24917491749174914,0.24917491749174914,0.24917491749174914,0.25601131541725597,0.25601131541725597,0.2880716643092881,0.30363036303630364,0.30363036303630364,0.30363036303630364,0.3137670909948138,0.3137670909948138,0.32060348892032065,0.32060348892032065,0.32060348892032065,0.32060348892032065,0.32060348892032065,0.33121169259783123,0.33121169259783123,
0.0,0.0,0.0,0.10513908533710514,0.1124469589816125,0.1539368222536539,0.1645450259311645,0.17468175388967466,0.18010372465818014,0.18010372465818014,0.18010372465818014,0.18576143328618577,0.18576143328618577,0.18576143328618577,0.25742574257425743,0.25742574257425743,0.25742574257425743,0.25742574257425743,0.25742574257425743,0.25742574257425743,0.2715700141442716,0.2715700141442716,0.28995756718529,0.28995756718529,0.28995756718529,0.28995756718529,0.3137670909948138,0.3137670909948138,0.3396982555398397,0.3396982555398397,
0.0,0.03300330033003296,0.03300330033003296,0.03300330033003296,0.06812824139556817,0.06812824139556817,0.06812824139556817,0.06812824139556817,0.14026402640264024,0.14026402640264024,0.14026402640264024,0.16501650165016502,0.1756247053276756,0.1756247053276756,0.1756247053276756,0.1756247053276756,0.1756247053276756,0.17703913248467706,0.17703913248467706,0.17703913248467706,0.17703913248467706,0.17703913248467706,0.1815181518151815,0.1815181518151815,0.1914191419141914,0.21122112211221122,0.3418198962753418,0.42008486562942005,0.42008486562942005,0.42008486562942005,
0.0,0.0,0.0,0.00990099009900991,0.00990099009900991,0.028052805280528004,0.05280528052805278,0.11221122112211224,0.11221122112211224,0.11221122112211224,0.14615747289014613,0.1709099481376709,0.1709099481376709,0.1709099481376709,0.1709099481376709,0.1709099481376709,0.1709099481376709,0.173974540311174,0.173974540311174,0.1768033946251768,0.1768033946251768,0.18646864686468645,0.18646864686468645,0.18646864686468645,0.18646864686468645,0.18646864686468645,0.2727487034417727,0.28076379066478074,0.2876001885902876,0.2876001885902876,
1.0,1.0,1.0,1.0,1.0,1.0,1.0,1.0,1.0,1.0,1.0,1.0,1.0,1.0,1.0,1.0,1.0,1.0,1.0,1.0,1.0,1.0,1.0,1.0,1.0,1.0,1.0,1.0,1.0,1.0,
1.0,1.0,1.0,1.0,1.0,1.0,1.0,1.0,1.0,1.0,1.0,1.0,1.0,1.0,1.0,1.0,1.0,1.0,1.0,1.0,1.0,1.0,1.0,1.0,1.0,1.0,1.0,1.0,1.0,1.0,
1.0,1.0,1.0,1.0,1.0,1.0,1.0,1.0,1.0,1.0,1.0,1.0,1.0,1.0,1.0,1.0,1.0,1.0,1.0,1.0,1.0,1.0,1.0,1.0,1.0,1.0,1.0,1.0,1.0,1.0,
1.0,1.0,1.0,1.0,1.0,1.0,1.0,1.0,1.0,1.0,1.0,1.0,1.0,1.0,1.0,1.0,1.0,1.0,1.0,1.0,1.0,1.0,1.0,1.0,1.0,1.0,1.0,1.0,1.0,1.0,
1.0,1.0,1.0,1.0,1.0,1.0,1.0,1.0,1.0,1.0,1.0,1.0,1.0,1.0,1.0,1.0,1.0,1.0,1.0,1.0,1.0,1.0,1.0,1.0,1.0,1.0,1.0,1.0,1.0,1.0,
0.0,0.0,0.0,0.07661480433757661,0.09335219236209336,0.09335219236209336,0.09335219236209336,0.09335219236209336,0.09335219236209336,0.09335219236209336,0.09335219236209336,0.14427157001414426,0.14851485148514854,0.14851485148514854,0.14851485148514854,0.14851485148514854,0.15652993870815657,0.15652993870815657,0.15652993870815657,0.15652993870815657,0.18293257897218296,0.18293257897218296,0.18293257897218296,0.20414898632720413,0.20414898632720413,0.20744931636020747,0.20744931636020747,0.22159358793022155,0.22159358793022155,0.22159358793022155,
0.0,0.028288543140028266,0.08769448373408772,0.08769448373408772,0.08769448373408772,0.09570957095709576,0.09570957095709576,0.09570957095709576,0.20344177274870345,0.26308345120226306,0.26308345120226306,0.26308345120226306,0.26308345120226306,0.26308345120226306,0.26308345120226306,0.2670909948137671,0.27958510136727954,0.27958510136727954,0.2951438000942952,0.2951438000942952,0.2951438000942952,0.30528052805280526,0.30952380952380953,0.31636020744931637,0.31636020744931637,0.31636020744931637,0.31636020744931637,0.31636020744931637,0.32696841112682695,0.32696841112682695,
0.0,0.0,0.0,0.07048561999057046,0.07048561999057046,0.11197548326261197,0.12847713342762845,0.13861386138613863,0.13861386138613863,0.13861386138613863,0.13861386138613863,0.14427157001414426,0.14427157001414426,0.14427157001414426,0.21593587930221592,0.21593587930221592,0.21593587930221592,0.21593587930221592,0.21593587930221592,0.21593587930221592,0.2300801508722301,0.2300801508722301,0.24846770391324846,0.24846770391324846,0.24846770391324846,0.24846770391324846,0.27769919849127767,0.27769919849127767,0.30363036303630364,0.30363036303630364,
0.0,0.03842527109853844,0.03842527109853844,0.03842527109853844,0.07355021216407354,0.07355021216407354,0.07355021216407354,0.07355021216407354,0.11928335690711933,0.16289486091466288,0.16289486091466288,0.18764733616218765,0.19825553983969824,0.19825553983969824,0.19825553983969824,0.19825553983969824,0.19825553983969824,0.1996699669966997,0.1996699669966997,0.1996699669966997,0.1996699669966997,0.1996699669966997,0.20414898632720413,0.20414898632720413,0.21404997642621404,0.23385195662423386,0.36445073078736445,0.4427157001414427,0.4427157001414427,0.4427157001414427,
0.0,0.0,0.0,0.008486562942008447,0.008486562942008447,0.016030174446016066,0.0520980669495521,0.0520980669495521,0.0520980669495521,0.0520980669495521,0.086044318717586,0.086044318717586,0.086044318717586,0.086044318717586,0.086044318717586,0.086044318717586,0.086044318717586,0.08910891089108908,0.08910891089108908,0.15322960867515323,0.15322960867515323,0.15322960867515323,0.15322960867515323,0.15322960867515323,0.15322960867515323,0.15322960867515323,0.25035360678925034,0.25836869401225837,0.25836869401225837,0.25836869401225837,
