id,current,real_power_from,reactive_power_from,real_power_to,reactive_power_to,resistance,reactance,susceptance,rateA,rateB,rateC,ratio,angle,angmin,angmax
1,0.0,0.7643287701718954,-1.7545599236491647,-0.764198970327171,-1.245050676816837,0.02,0.06,0.03,130.0,130.0,83.4226833415888,0.0,0.0,-360.0,360.0
2,0.0,-0.7643287717822284,0.804027017862039,0.7662481277585141,-2.7906573086842554,0.05,0.19,0.02,130.0,130.0,83.4226833415888,0.0,0.0,-360.0,360.0
3,0.0,-1.4488203127423545,1.6223264638590968,1.4542057185713528,-3.5999196593566123,0.06,0.17,0.02,65.0,65.0,41.7113416707944,0.0,0.0,-360.0,360.0
4,0.0,-2.4422576431946332,1.9526525578399174,2.4432413679006064,-1.9487176590160253,0.01,0.04,0.0,130.0,130.0,83.4226833415888,0.0,0.0,-360.0,360.0
5,0.0,3.3740504523373014,0.8912172654903137,-3.366569992737223,-2.8504200914821554,0.05,0.2,0.02,130.0,130.0,83.4226833415888,0.0,0.0,-360.0,360.0
6,0.0,0.27877830545996096,1.6937218633093714,-0.2743779925676793,-3.6705153938353843,0.06,0.18,0.02,65.0,65.0,41.7113416707944,0.0,0.0,-360.0,360.0
7,0.0,7.680482498881523,1.6648183488729362,-7.674261889851099,-1.6399359127512325,0.01,0.04,0.0,90.0,90.0,57.754165390330705,0.0,0.0,-360.0,360.0
8,0.0,3.3665699866782495,3.038353784550465,-3.3545314183255486,-3.992683445743432,0.05,0.12,0.01,70.0,70.0,44.91990641470166,0.0,0.0,-360.0,360.0
9,0.0,12.619049878530152,2.7728451748061245,-12.567558920003977,-3.6191930797144805,0.03,0.08,0.01,130.0,130.0,83.4226833415888,0.0,0.0,-360.0,360.0
10,0.0,24.822309914696046,24.428096383289432,-24.694245778648185,-23.915839839098002,0.01,0.04,0.0,32.0,32.0,20.534814361006468,0.0,0.0,-360.0,360.0
11,0.0,-2.9720790935042536,1.6148402791151433,2.9720790935042545,-1.5905714335769954,0.0,0.21,0.0,65.0,65.0,41.7113416707944,0.0,0.0,-360.0,360.0
12,0.0,-1.6983309090585499,0.9227658760679125,1.6983309090585499,-0.9016338200943483,0.0,0.56,0.0,32.0,32.0,20.534814361006468,0.0,0.0,-360.0,360.0
13,0.0,0.0,0.0,0.0,0.0,0.0,0.21,0.0,65.0,65.0,41.7113416707944,0.0,0.0,-360.0,360.0
14,0.0,-2.9720790858898094,1.5905714452330164,2.97207908588981,-1.5778591928174261,0.0,0.11,0.0,65.0,65.0,41.7113416707944,0.0,0.0,-360.0,360.0
15,0.0,-16.885293039123553,2.766479318919444,16.885293039123553,-1.999806044805689,0.0,0.26,0.0,65.0,65.0,41.7113416707944,0.0,0.0,-360.0,360.0
16,0.0,-36.999999999552465,-5.97585414321349,36.999999999552465,7.981643427696778,0.0,0.14,0.0,65.0,65.0,41.7113416707944,0.0,0.0,-360.0,360.0
17,0.0,2.3727053586314923,1.607602541330521,-2.362651970454279,-1.585820200279893,0.12,0.26,0.0,32.0,32.0,20.534814361006468,0.0,0.0,-360.0,360.0
18,0.0,0.7081669722179866,2.3804460470799955,-0.7037633056967854,-2.3722678092549074,0.07,0.13,0.0,32.0,32.0,20.534814361006468,0.0,0.0,-360.0,360.0
19,0.0,9.212456919569183,-1.2499181040676859,-9.13311810780204,1.426226574661332,0.09,0.2,0.0,32.0,32.0,20.534814361006468,0.0,0.0,-360.0,360.0
20,0.0,-1.9670392636432863,0.4684805270125117,1.9763464739752576,-0.46001942671071905,0.22,0.2,0.0,16.0,16.0,10.267407180503234,0.0,0.0,-360.0,360.0
21,0.0,6.68893757226668,-2.6832337076269477,-6.646068212990319,2.7850484359083025,0.08,0.19,0.0,16.0,16.0,10.267407180503234,0.0,0.0,-360.0,360.0
22,0.0,9.676466056214666,-0.936801585537389,-9.569650542341108,1.1504326132845057,0.11,0.22,0.0,16.0,16.0,10.267407180503234,0.0,0.0,-360.0,360.0
23,0.0,7.3349711958373875,-1.7789361798506365,-7.299244890409041,1.8563431749453896,0.06,0.13,0.0,16.0,16.0,10.267407180503234,0.0,0.0,-360.0,360.0
24,0.0,0.6650405820858655,-4.230689982118954,-0.6592648489278882,4.244166692820901,0.03,0.07,0.0,32.0,32.0,20.534814361006468,0.0,0.0,-360.0,360.0
25,0.0,0.898840558593039,4.783783960658883,-0.8770772033442842,-4.733002798411788,0.09,0.21,0.0,32.0,32.0,20.534814361006468,0.0,0.0,-360.0,360.0
26,0.0,-0.3465272821171992,6.874085466753398,0.36103254974029486,-6.835404753091809,0.03,0.08,0.0,32.0,32.0,20.534814361006468,0.0,0.0,-360.0,360.0
27,0.0,-4.761098240443807,-5.9785913024200985,4.7789834002955915,6.020323342074262,0.03,0.07,0.0,32.0,32.0,20.534814361006468,0.0,0.0,-360.0,360.0
28,0.0,-4.51198133928949,-4.596459693046576,4.541620499520667,4.65997217925624,0.07,0.15,0.0,32.0,32.0,20.534814361006468,0.0,0.0,-360.0,360.0
29,0.0,-16.999886077473256,-13.841701058845507,17.04837950391426,13.938687911727513,0.01,0.02,0.0,32.0,32.0,20.534814361006468,0.0,0.0,-360.0,360.0
30,0.0,-16.67541504712321,2.0232455814111643,16.96532065481287,-1.4434343660318412,0.1,0.2,0.0,16.0,16.0,10.267407180503234,0.0,0.0,-360.0,360.0
31,0.0,16.91958045268978,-2.2656307818862236,-16.56989411004793,2.7901602958489935,0.12,0.18,0.0,16.0,16.0,10.267407180503234,0.0,0.0,-360.0,360.0
32,0.0,16.840060582993136,-1.8739003107323176,-16.466831697335664,2.6490679963286095,0.13,0.27,0.0,16.0,16.0,10.267407180503234,0.0,0.0,-360.0,360.0
33,0.0,24.33672580738351,-12.100471769998803,-22.888169087371015,14.616386073178386,0.19,0.33,0.0,16.0,16.0,10.267407180503234,0.0,0.0,-360.0,360.0
34,0.0,3.547050265068033,2.3715164029034015,-3.499999999999997,-2.2999999999999865,0.25,0.38,0.0,16.0,16.0,10.267407180503234,0.0,0.0,-360.0,360.0
35,0.0,19.34111882230289,-16.987902476081718,-18.587582423961607,18.426471963824163,0.11,0.21,0.0,16.0,16.0,10.267407180503234,0.0,0.0,-360.0,360.0
36,0.0,-32.20130547017722,-36.202047810597136,32.201305470177225,50.58518982509563,0.0,0.4,0.0,65.0,65.0,41.7113416707944,0.0,0.0,-360.0,360.0
37,0.0,6.17388200329725,1.6840278133304025,-6.083785912230494,-1.5120261849302281,0.22,0.42,0.0,16.0,16.0,10.267407180503234,0.0,0.0,-360.0,360.0
38,0.0,7.122394950487281,1.6745629326654485,-6.951090403779492,-1.353366907588346,0.32,0.6,0.0,16.0,16.0,10.267407180503234,0.0,0.0,-360.0,360.0
39,0.0,3.6837859122304106,0.6120261849302464,-3.6489095962205167,-0.5466330924116959,0.24,0.45,0.0,16.0,16.0,10.267407180503234,0.0,0.0,-360.0,360.0
40,0.0,-29.999999999999783,-29.999999999999932,32.20130547017692,36.20204781059713,0.06,0.2,0.02,32.0,32.0,20.534814361006468,0.0,0.0,-360.0,360.0
41,0.0,24.798739553852506,21.951452414676442,-24.562524709033962,-22.171093295026488,0.02,0.06,0.01,32.0,32.0,20.534814361006468,0.0,0.0,-360.0,360.0
