26895.0,327.0,245.0,155.0,264.0,240.0,199.0,213.0,379.0,222.0,259.0,266.0,308.0,223.0,107.0,141.0,169.5,161.0,180.0,94.0,137.0,104.0,111.0,160.0,141.0,147.0,231.0,181.0,179.0,NaN,
512.0,156.0,115.0,120.0,118.0,162.0,100.0,119.0,157.0,182.0,252.0,245.0,136.0,134.0,92.0,150.0,122.0,149.0,98.0,133.0,172.0,105.0,185.0,165.0,206.0,153.0,103.0,97.0,195.0,126.0,
296.0,126.0,82.0,122.0,106.0,144.0,188.0,115.0,154.0,124.0,131.0,116.0,123.0,112.0,101.0,122.0,155.0,112.0,125.0,110.0,125.0,103.0,103.0,100.0,103.0,80.0,141.0,164.0,105.0,103.0,
388.0,169.0,123.0,167.0,249.0,260.0,188.0,214.5,236.0,218.0,176.0,175.0,209.0,163.0,210.0,189.0,198.0,142.0,208.0,204.0,134.0,NaN,NaN,NaN,NaN,NaN,NaN,NaN,NaN,NaN,
381.0,127.0,100.0,105.0,109.0,157.0,150.0,121.0,128.5,92.0,127.0,159.0,109.0,109.0,96.0,109.0,145.0,142.0,102.0,134.0,163.0,138.0,105.0,205.0,125.0,95.0,134.0,57.0,73.0,64.0,
335.0,124.0,186.0,144.0,113.0,262.0,327.0,492.0,293.0,256.0,186.0,130.0,104.0,147.0,125.0,151.0,171.0,178.0,89.0,103.0,128.0,287.0,120.0,189.0,181.0,232.0,156.0,200.0,122.0,108.0,
708.0,287.0,167.0,126.0,148.0,167.0,155.0,130.0,132.0,100.0,159.0,130.0,121.0,143.0,110.0,109.0,104.0,142.0,109.0,183.0,154.0,154.0,134.0,99.0,173.0,162.0,123.0,131.0,102.0,98.0,
479.0,170.0,172.0,178.0,167.0,233.0,209.0,207.0,273.0,290.0,174.0,163.0,96.0,137.0,103.0,150.0,156.0,139.0,152.0,145.0,172.0,133.0,130.0,124.0,90.0,112.0,100.0,102.0,114.0,118.0,
365.0,150.0,117.0,130.0,187.0,154.0,166.0,117.0,157.0,150.0,116.0,126.0,97.0,123.0,91.0,119.0,129.0,84.0,100.0,154.0,112.0,106.0,94.0,89.0,108.0,131.0,113.0,165.0,85.0,114.0,
592.0,310.0,178.0,193.0,178.0,315.0,146.0,183.0,180.0,193.0,199.0,119.0,98.0,165.0,116.0,91.0,88.0,87.0,117.0,97.0,88.0,89.0,108.0,128.0,108.0,116.0,128.0,98.0,100.0,251.0,
768.0,228.0,219.0,176.0,193.0,205.0,186.0,218.0,210.0,127.0,139.0,152.0,160.0,154.0,124.0,133.0,123.0,692.0,172.0,172.0,150.0,144.0,106.0,128.0,194.0,176.0,210.0,245.0,241.0,309.0,
382.0,212.0,206.0,149.0,191.0,161.0,265.0,214.0,131.0,268.0,220.0,188.0,151.0,151.0,128.0,117.0,150.0,104.0,160.0,129.0,183.0,164.0,250.0,136.0,147.0,133.0,138.0,160.0,153.0,212.0,
322.0,143.0,146.0,152.0,161.0,181.0,169.0,204.0,194.0,284.0,241.0,203.0,225.0,200.0,149.0,194.0,126.0,167.0,117.0,102.0,132.0,167.0,146.0,215.0,192.0,179.0,147.0,130.0,190.0,133.0,
553.0,260.0,178.0,178.0,301.0,167.0,215.0,290.0,190.0,199.0,175.0,180.0,147.0,141.0,150.0,207.0,187.0,173.0,200.0,249.0,343.0,107.0,241.0,152.0,287.0,182.0,189.0,164.0,170.0,192.0,
398.0,160.0,122.0,115.0,133.0,162.0,170.0,132.0,182.0,271.0,252.0,179.0,149.0,159.0,183.0,146.0,167.0,144.0,162.0,114.0,136.0,178.0,140.0,177.0,207.0,170.0,200.0,213.0,201.0,183.0,
686.0,317.0,272.0,169.0,272.0,208.5,199.0,158.0,165.0,161.0,191.0,131.5,134.0,129.0,120.0,116.0,104.0,102.0,128.0,143.0,156.0,157.0,172.0,125.0,110.0,342.0,204.0,187.0,137.0,163.0,
536.0,278.0,132.0,125.0,119.0,121.0,168.0,176.5,203.0,152.0,110.0,105.0,99.0,89.0,101.0,92.0,106.0,97.0,93.0,90.0,108.0,121.0,117.0,186.0,166.0,166.0,127.0,176.0,130.0,150.0,
455.0,205.0,177.0,137.0,186.0,164.0,151.0,150.0,161.0,140.0,160.0,137.0,143.0,147.0,157.0,118.0,199.0,127.0,160.0,141.0,117.0,160.0,130.0,111.0,137.0,119.0,146.0,156.0,144.0,110.0,
331.0,235.0,168.0,126.0,154.0,138.0,172.0,142.0,204.0,154.0,145.0,135.0,136.0,120.0,183.0,114.0,130.0,108.0,116.0,123.0,129.0,98.0,106.0,103.0,103.0,118.0,96.0,298.0,165.0,178.0,
430.0,323.0,118.0,111.0,191.0,126.0,126.0,158.5,165.0,155.0,174.5,108.0,136.0,114.0,104.0,104.0,123.0,111.0,119.0,100.0,106.0,112.0,248.0,157.0,131.0,152.0,145.0,151.0,118.0,152.0,
909.0,220.0,44.0,34.0,40.0,33.0,26.0,26.0,18.0,20.0,23.0,23.0,19.0,17.0,18.0,17.0,19.0,11.0,19.0,9.0,4.0,5.0,1.0,1.0,1.0,4.0,2.0,2.0,1.0,2.0,
801.0,206.0,73.0,62.0,40.0,37.0,44.0,43.0,59.0,27.0,28.0,25.0,12.0,16.0,14.0,17.0,11.0,10.0,7.0,16.0,17.0,8.0,5.0,2.0,1.0,2.0,4.0,1.0,1.0,2.0,
803.0,221.0,59.0,29.0,43.0,32.0,35.0,30.0,28.0,23.5,18.0,13.0,33.0,22.0,7.0,26.0,25.0,15.0,22.0,13.0,11.0,9.0,8.0,20.0,15.0,1.0,2.0,1.0,1.0,7.0,
788.0,176.0,52.0,82.0,31.0,92.0,75.0,27.0,41.0,37.0,24.0,17.0,15.0,22.0,16.0,32.0,30.0,18.0,12.0,15.0,10.0,6.0,2.0,2.0,1.0,1.0,4.0,1.0,5.0,6.0,
823.0,177.0,46.0,41.0,36.0,25.0,201.5,11.0,4.0,7.0,4.0,10.0,6.0,6.0,4.0,6.0,2.0,17.0,3.0,3.0,2.0,2.0,3.0,3.0,2.0,2.0,2.0,5.0,2.0,5.0,
893.0,182.0,41.0,60.0,41.0,31.0,30.0,26.0,28.0,21.0,15.0,3.0,3.0,15.0,6.0,10.0,2.0,6.0,4.0,3.0,2.0,1.0,2.0,3.0,1.0,1.0,2.0,1.0,1.0,1.0,
786.0,224.0,145.0,59.0,30.0,23.0,25.0,38.0,28.0,18.5,12.0,8.0,4.0,27.0,16.0,14.0,3.0,2.0,2.0,8.0,3.0,17.0,2.0,2.0,2.0,6.0,1.0,1.0,6.0,14.0,
821.0,211.0,51.0,56.0,34.0,45.0,31.0,29.0,43.0,30.0,21.0,35.0,30.0,20.0,8.0,18.0,13.0,4.0,20.0,6.0,4.0,7.0,18.0,6.0,6.0,9.0,3.0,5.0,4.0,4.0,
793.0,167.0,44.0,42.0,36.0,32.0,29.0,26.0,47.0,20.0,19.0,23.0,33.0,12.0,34.0,14.0,15.0,15.5,5.0,12.0,18.0,2.0,2.0,18.0,2.0,3.0,1.0,1.0,2.0,2.0,
1130.0,233.0,42.0,33.0,35.0,23.0,22.0,18.5,3.0,4.0,2.0,11.0,4.0,3.0,2.0,3.0,4.0,4.0,11.0,1.0,1.0,1.0,3.0,2.0,1.0,1.0,11.0,2.0,1.0,2.0,
894.0,25.0,23.0,18.0,11.0,24.0,11.0,16.0,23.0,8.0,32.0,15.0,7.0,17.0,5.0,13.0,4.0,1.0,1.0,1.0,2.0,1.0,6.0,1.0,1.0,1.0,0.0,1.0,1.0,1.0,
1175.0,20.0,37.0,13.0,19.0,6.0,2.0,8.0,1.0,2.0,3.0,1.0,1.0,1.0,1.0,1.0,6.0,2.0,3.0,1.0,1.0,2.0,5.0,1.0,1.0,0.0,1.0,1.0,1.0,2.0,
968.0,34.0,17.0,17.0,9.0,14.0,10.0,7.0,16.0,9.0,6.0,9.0,8.0,9.0,5.0,5.0,4.0,2.0,1.0,1.0,0.0,2.0,4.0,0.0,2.0,2.0,1.0,2.0,1.0,0.0,
848.0,28.0,30.0,14.0,12.0,22.0,11.0,9.0,10.0,8.0,8.0,12.0,15.0,8.0,8.0,8.0,5.0,3.0,1.5,2.0,1.0,0.0,2.0,1.0,1.0,1.0,1.0,0.0,1.0,2.0,
825.0,21.0,17.0,14.0,10.0,10.0,9.0,11.5,8.0,7.0,9.0,7.0,4.0,5.0,9.0,4.0,2.0,5.0,1.0,2.0,1.0,1.0,2.0,2.0,6.0,1.0,1.0,1.0,1.0,1.0,
835.0,26.0,27.0,22.0,14.0,12.0,7.0,10.0,8.0,10.0,7.5,8.0,7.0,4.5,3.0,1.0,1.0,3.0,4.0,9.0,2.0,0.0,1.0,2.0,0.0,2.0,1.0,1.0,0.0,2.0,
797.0,28.0,22.0,13.0,13.0,13.0,17.0,10.0,9.0,5.0,13.0,7.5,8.0,4.0,5.0,2.0,8.0,25.0,0.0,0.0,10.0,2.0,1.0,0.0,1.0,1.0,1.0,1.0,NaN,NaN,
820.0,38.0,13.0,23.0,13.0,7.0,17.0,11.0,1.0,3.0,3.5,3.0,2.0,3.0,1.0,1.0,1.0,6.0,7.0,1.0,2.0,1.0,1.0,1.0,0.0,3.0,2.0,1.0,1.0,1.0,
1234.0,23.0,18.0,13.5,18.0,14.0,9.0,11.0,9.0,9.0,8.0,8.0,4.0,5.0,3.0,12.0,1.0,1.5,2.0,1.0,2.0,15.0,9.0,1.0,1.0,1.0,2.0,2.0,1.0,1.0,
975.0,35.0,19.0,16.0,13.0,9.0,9.5,2.0,2.0,7.0,2.0,3.0,1.0,1.0,1.0,1.0,1.0,1.0,1.0,0.0,7.0,1.0,1.0,0.0,1.0,NaN,NaN,NaN,NaN,NaN,
822.0,28.0,34.0,16.0,28.0,15.0,10.0,6.0,3.0,3.0,2.0,2.0,2.0,2.0,9.0,6.0,3.0,12.0,3.0,4.0,6.0,5.0,12.0,5.0,4.0,3.0,2.0,1.0,1.0,1.0,
