id,from_node_id,to_node_id,status
1,7,8,1
2,26,28,1
3,27,29,1
4,39,41,1
5,42,45,1
6,54,56,1
7,63,65,1
8,64,65,0
9,90,92,1
10,91,93,1
11,125,128,1
12,149,150,1
13,155,157,1
14,156,158,1
15,169,171,1
16,183,184,1
17,190,192,1
18,2727,157,1
19,2727,158,1
20,2728,68,1
21,2726,76,1
22,2726,105,1
23,127,2725,1
24,2729,148,1
25,2729,149,1
26,2730,47,1
27,2730,48,1
28,82,2724,1
29,42,23,1
30,26,90,1
31,27,91,1
32,146,30,1
33,135,33,1
34,134,20,1
35,164,21,1
36,40,109,1
37,39,91,1
38,178,83,1
39,203,165,1
40,194,165,1
41,193,164,1
42,207,167,1
43,42,10,1
44,198,18,1
45,100,54,1
46,162,82,1
47,44,9,1
48,185,150,1
49,121,56,1
50,29,93,1
51,28,123,1
52,25,192,1
53,120,63,1
54,122,63,0
55,82,31,1
56,92,28,1
57,12,4,1
58,30,11,1
59,24,4,1
60,17,7,1
61,21,10,1
62,26,5,1
63,17,3,1
64,26,19,1
65,27,20,1
66,13,6,1
67,13,12,1
68,32,13,1
69,23,11,1
70,33,5,1
71,19,4,1
72,26,1,1
73,27,2,1
74,27,24,1
75,25,9,1
76,28,25,1
77,14,29,1
78,8,15,1
79,8,14,1
80,31,29,1
81,62,58,1
82,60,55,1
83,67,34,1
84,50,34,1
85,58,42,1
86,59,43,1
87,59,34,1
88,68,51,1
89,51,38,1
90,36,55,1
91,37,35,1
92,54,37,1
93,67,36,1
94,67,66,1
95,61,42,1
96,62,43,1
97,61,39,1
98,60,40,1
99,46,39,1
100,49,45,1
101,57,53,1
102,41,57,1
103,63,57,1
104,47,64,1
105,52,44,1
106,96,125,1
107,75,106,1
108,106,94,1
109,79,85,1
110,131,130,1
111,107,131,1
112,91,131,1
113,100,119,1
114,81,113,1
115,116,101,1
116,126,74,1
117,108,90,1
118,118,79,1
119,119,78,1
120,79,76,1
121,78,73,1
122,114,78,1
123,103,72,1
124,110,117,1
125,91,69,1
126,86,90,1
127,129,87,1
128,132,76,1
129,133,77,1
130,102,77,1
131,125,104,1
132,126,111,1
133,104,84,1
134,105,95,1
135,112,80,1
136,89,78,1
137,117,108,1
138,109,99,1
139,116,79,1
140,107,88,1
141,98,79,1
142,117,78,1
143,83,97,1
144,124,118,1
145,124,110,1
146,100,71,1
147,101,70,1
148,93,127,1
149,82,127,1
150,122,115,1
151,123,121,1
152,115,128,1
153,173,156,1
154,174,155,1
155,176,155,1
156,177,156,1
157,176,144,1
158,165,140,1
159,137,155,1
160,170,173,1
161,152,174,1
162,154,156,1
163,136,137,1
164,148,143,1
165,153,181,1
166,153,180,1
167,175,147,1
168,175,169,0
169,169,140,1
170,170,167,1
171,169,152,1
172,146,135,1
173,147,134,1
174,164,147,1
175,165,146,1
176,154,143,1
177,159,148,1
178,149,141,1
179,168,141,1
180,168,159,1
181,176,136,1
182,178,177,1
183,181,173,1
184,157,138,1
185,163,139,1
186,161,162,1
187,171,151,1
188,188,193,1
189,197,203,1
190,189,208,1
191,191,194,1
192,193,182,1
193,202,204,1
194,190,201,1
195,208,183,1
196,200,184,1
197,186,192,1
198,195,187,1
199,205,199,1
200,186,205,1
201,187,206,1
202,394,1,1
203,395,2,1
204,247,246,1
205,247,29,1
206,249,3,1
207,250,3,1
208,277,4,1
209,278,5,1
210,343,6,1
211,343,6,0
212,344,9,1
213,355,10,1
214,356,11,1
215,357,12,1
216,362,14,1
217,370,15,1
218,387,17,1
219,386,18,1
220,392,19,1
221,393,20,1
222,399,21,1
223,400,21,1
224,405,23,1
225,406,23,1
226,407,24,1
227,408,24,1
228,414,25,1
229,466,30,1
230,490,31,1
231,491,31,1
232,546,32,1
233,575,33,1
234,576,33,0
235,589,34,1
236,589,34,0
237,594,35,1
238,614,37,1
239,618,38,1
240,666,42,1
241,668,46,1
242,670,48,1
243,697,49,1
244,698,49,0
245,716,50,1
246,732,53,1
247,735,52,1
248,742,55,1
249,760,60,1
250,759,60,1
251,770,61,1
252,769,62,1
253,779,63,1
254,780,64,1
255,808,66,1
256,833,68,1
257,855,69,1
258,885,72,1
259,902,75,1
260,1002,82,1
261,1003,82,1
262,1092,83,1
263,1093,83,1
264,1115,84,1
265,1114,85,1
266,1188,88,1
267,1189,89,1
268,1234,94,1
269,1233,95,1
270,1248,96,1
271,1256,100,1
272,1255,101,1
273,1287,102,1
274,1286,103,1
275,1289,104,1
276,1364,105,1
277,1352,106,1
278,1354,107,1
279,1389,108,1
280,1395,110,1
281,1433,111,1
282,1570,113,1
283,1630,115,1
284,1632,115,1
285,1675,116,1
286,1685,119,1
287,1791,120,1
288,1793,122,1
289,1794,123,1
290,1819,124,1
291,1839,125,1
292,1838,126,1
293,1859,129,1
294,1860,130,1
295,1930,134,1
296,1951,136,1
297,1952,136,1
298,1975,137,1
299,1977,138,1
300,1978,139,1
301,1983,140,1
302,2009,141,1
303,2015,143,1
304,2016,143,1
305,2077,144,1
306,2078,144,1
307,2093,146,1
308,2092,147,1
309,2094,2092,1
310,2094,147,1
311,2104,148,1
312,2146,152,1
313,2154,153,1
314,2155,154,1
315,2171,156,1
316,2172,155,1
317,2178,159,1
318,2179,159,1
319,2210,161,1
320,2213,162,1
321,2214,162,1
322,2215,164,1
323,2234,167,1
324,2235,167,1
325,2236,168,1
326,2237,168,1
327,2239,170,1
328,2238,171,1
329,2239,171,1
330,2252,173,1
331,2253,174,1
332,2258,175,1
333,2320,176,1
334,2321,177,1
335,2424,178,1
336,2446,181,1
337,2445,181,1
338,2467,182,1
339,2490,185,1
340,2499,186,1
341,2500,187,1
342,2503,189,1
343,2504,188,1
344,2520,190,1
345,2522,191,1
346,2521,192,1
347,2528,193,1
348,2529,194,1
349,2594,196,1
350,2595,197,1
351,2596,198,1
352,2661,199,1
353,2681,202,1
354,2680,201,1
355,2698,203,1
356,2698,204,1
357,2718,205,1
358,2719,205,1
359,2721,207,1
360,2722,208,1
361,2585,350,1
362,2083,293,1
363,2118,316,1
364,1929,420,1
365,2065,221,1
366,2378,524,1
367,1264,243,1
368,1274,440,1
369,677,381,1
370,629,406,1
371,775,464,1
372,829,1280,1
373,678,1576,1
374,742,1655,1
375,768,1362,1
376,1739,598,1
377,2204,1150,1
378,2417,1149,1
379,2423,985,0
380,2652,2153,0
381,2486,2358,0
382,2687,2012,0
383,2673,2215,1
384,2609,2216,1
385,2614,2215,1
386,2562,2092,1
387,2560,1934,1
388,2579,2216,1
389,1689,791,1
390,2649,2203,0
391,665,453,1
392,1292,2075,1
393,524,1214,1
394,665,464,1
395,666,253,1
396,511,1018,1
397,2534,2389,0
398,763,381,1
399,711,334,1
400,696,453,1
401,2552,255,1
402,2585,241,1
403,729,480,1
404,829,1669,1
405,1769,710,1
406,1707,710,1
407,1593,741,1
408,761,334,1
409,2671,373,1
410,2457,337,1
411,666,471,1
412,713,449,1
413,2540,2332,0
414,659,1022,1
415,2584,2389,1
416,2581,348,1
417,1520,2135,0
418,429,357,1
419,318,220,1
420,566,519,1
421,428,566,1
422,566,570,1
423,347,343,1
424,346,344,1
425,389,343,1
426,477,344,1
427,262,405,1
428,263,406,1
429,460,344,1
430,481,405,1
431,519,460,1
432,427,349,1
433,371,240,1
434,426,238,1
435,481,274,1
436,463,451,1
437,466,254,1
438,289,277,1
439,304,278,1
440,331,393,1
441,332,331,1
442,335,260,1
443,377,278,1
444,578,431,1
445,390,316,1
446,339,239,1
447,386,328,1
448,387,374,1
449,374,290,1
450,391,355,1
451,419,375,1
452,536,466,1
453,586,329,1
454,466,223,1
455,465,479,1
456,455,427,1
457,292,403,1
458,492,456,1
459,537,295,1
460,273,321,1
461,321,353,1
462,569,518,1
463,211,355,1
464,211,362,1
465,551,355,1
466,560,504,1
467,561,505,1
468,505,495,1
469,496,356,1
470,546,358,1
471,534,356,1
472,528,355,1
473,544,533,1
474,538,564,1
475,492,355,1
476,493,355,1
477,538,527,1
478,541,551,1
479,539,538,1
480,540,537,1
481,561,545,1
482,561,502,1
483,541,504,1
484,519,344,1
485,568,276,1
486,529,276,1
487,343,275,1
488,340,275,1
489,537,340,1
490,553,341,1
491,542,497,1
492,497,564,1
493,534,564,0
494,357,363,1
495,520,363,1
496,352,508,1
497,560,352,1
498,547,273,1
499,505,422,1
500,355,580,1
501,357,517,1
502,526,546,1
503,533,528,1
504,548,493,1
505,508,581,1
506,544,537,1
507,553,502,1
508,550,533,1
509,550,537,1
510,535,534,1
511,538,535,1
512,520,581,1
513,353,509,1
514,522,580,1
515,521,516,1
516,561,547,1
517,560,220,1
518,538,506,1
519,503,341,1
520,506,503,1
521,545,519,1
522,552,518,1
523,549,405,1
524,527,406,1
525,518,498,1
526,519,403,1
527,546,543,1
528,343,568,1
529,531,525,1
530,423,532,1
531,552,529,1
532,509,362,1
533,471,334,1
534,359,297,1
535,412,345,1
536,585,467,1
537,523,428,1
538,412,253,1
539,467,451,1
540,382,240,1
541,417,382,1
542,254,232,1
543,424,232,1
544,452,451,1
545,523,437,1
546,558,438,1
547,530,523,1
548,485,212,1
549,429,425,1
550,426,387,1
551,514,240,1
552,386,384,1
553,571,384,1
554,557,554,1
555,477,294,1
556,421,349,1
557,383,386,1
558,421,383,1
559,387,385,1
560,385,339,1
561,558,339,1
562,501,339,1
563,319,375,1
564,391,223,1
565,268,425,1
566,268,424,1
567,559,212,1
568,560,498,1
569,530,485,1
570,455,240,1
571,294,283,1
572,359,346,1
573,451,297,1
574,514,319,1
575,499,240,1
576,453,452,1
577,320,318,1
578,571,397,1
579,554,397,1
580,585,501,1
581,245,386,1
582,365,245,1
583,345,476,1
584,499,292,1
585,417,375,1
586,295,405,1
587,456,406,1
588,282,389,1
589,325,315,1
590,314,277,1
591,322,308,1
592,436,277,1
593,512,278,1
594,333,277,1
595,307,242,1
596,312,242,1
597,482,312,1
598,309,313,1
599,584,311,1
600,309,584,1
601,575,311,1
602,567,330,1
603,301,567,1
604,575,567,1
605,446,310,1
606,446,393,1
607,576,482,1
608,575,447,1
609,393,237,1
610,315,237,1
611,326,310,1
612,338,278,1
613,327,310,1
614,330,327,1
615,338,307,1
616,313,301,1
617,472,260,1
618,447,472,1
619,314,308,1
620,230,575,1
621,288,277,1
622,392,288,1
623,392,351,1
624,231,576,1
625,513,314,1
626,333,323,1
627,513,323,1
628,430,351,1
629,470,393,1
630,470,325,1
631,392,322,1
632,306,392,1
633,296,392,1
634,296,306,1
635,576,390,1
636,512,315,1
637,575,436,1
638,302,576,1
639,487,407,1
640,432,259,1
641,444,432,1
642,416,408,1
643,483,466,1
644,587,219,1
645,587,360,1
646,574,332,1
647,285,235,1
648,577,468,1
649,574,450,1
650,450,420,1
651,398,420,1
652,574,300,1
653,448,300,1
654,490,457,1
655,457,448,1
656,376,289,1
657,380,487,1
658,458,376,1
659,500,459,1
660,279,468,1
661,445,486,1
662,488,445,1
663,489,487,1
664,465,329,1
665,434,377,1
666,444,439,1
667,486,224,1
668,474,408,1
669,474,224,1
670,510,491,1
671,490,244,1
672,442,395,1
673,394,233,1
674,443,265,1
675,395,213,1
676,234,380,1
677,404,364,1
678,233,214,1
679,416,213,1
680,582,434,1
681,582,449,1
682,579,214,1
683,360,274,1
684,410,407,1
685,465,229,1
686,410,394,1
687,305,488,1
688,395,265,1
689,394,266,1
690,235,246,1
691,442,246,1
692,284,266,1
693,395,562,1
694,562,258,1
695,228,500,1
696,222,279,1
697,524,491,1
698,336,329,1
699,574,577,1
700,234,364,1
701,219,483,1
702,480,404,1
703,573,524,1
704,573,279,1
705,402,413,1
706,400,396,1
707,401,366,1
708,415,367,1
709,413,269,1
710,563,298,1
711,563,269,1
712,563,461,1
713,316,299,1
714,264,238,1
715,379,264,1
716,469,414,1
717,225,469,1
718,401,252,1
719,435,372,1
720,473,396,1
721,473,419,1
722,462,299,1
723,586,298,1
724,484,241,1
725,418,399,1
726,433,399,1
727,270,401,1
728,400,369,1
729,414,368,1
730,411,361,1
731,371,238,1
732,583,241,1
733,433,413,1
734,372,236,1
735,236,238,1
736,299,293,1
737,415,361,1
738,414,401,1
739,435,414,1
740,415,399,1
741,484,337,1
742,536,270,1
743,350,379,1
744,479,252,1
745,583,225,1
746,418,411,1
747,217,215,1
748,227,370,1
749,227,209,1
750,271,227,1
751,280,218,1
752,515,280,1
753,257,256,1
754,572,328,1
755,374,324,1
756,226,290,1
757,378,248,1
758,478,249,1
759,475,210,1
760,281,328,1
761,250,248,1
762,257,250,1
763,218,215,1
764,572,556,1
765,556,303,1
766,475,441,1
767,555,249,1
768,409,373,1
769,478,210,1
770,388,354,1
771,291,218,1
772,261,251,1
773,463,209,1
774,272,251,1
775,378,272,1
776,454,272,1
777,328,324,1
778,507,261,1
779,409,290,1
780,556,239,1
781,354,291,1
782,255,555,1
783,256,388,1
784,272,441,1
785,342,215,1
786,494,215,1
787,317,271,1
788,317,342,1
789,370,303,1
790,370,218,1
791,216,370,1
792,250,226,1
793,515,281,1
794,216,217,1
795,565,246,1
796,565,286,1
797,565,267,1
798,287,562,1
799,358,356,1
800,605,840,1
801,795,627,1
802,765,591,1
803,836,606,1
804,724,599,1
805,784,731,1
806,738,732,1
807,633,630,1
808,732,730,1
809,725,618,1
810,737,731,1
811,737,732,1
812,752,681,1
813,797,604,1
814,625,595,1
815,699,824,1
816,794,625,1
817,835,642,1
818,747,746,1
819,747,622,1
820,790,588,1
821,775,622,1
822,747,663,1
823,721,663,1
824,749,721,1
825,593,749,1
826,705,589,1
827,705,701,1
828,704,701,1
829,830,704,1
830,830,588,1
831,609,588,1
832,609,606,1
833,787,697,1
834,788,787,1
835,790,788,1
836,790,591,1
837,804,591,1
838,804,596,1
839,698,684,1
840,684,596,1
841,725,596,1
842,693,697,1
843,706,693,1
844,692,691,1
845,703,691,1
846,698,687,1
847,702,685,1
848,697,694,1
849,700,694,1
850,702,700,1
851,698,683,1
852,683,654,1
853,761,654,1
854,711,603,1
855,603,602,1
856,696,602,1
857,739,697,1
858,706,589,1
859,703,697,1
860,703,698,1
861,703,589,1
862,686,588,1
863,825,602,1
864,825,824,1
865,686,589,1
866,687,685,1
867,727,606,1
868,824,739,1
869,698,694,1
870,703,692,0
871,696,639,1
872,647,639,1
873,825,647,1
874,639,602,1
875,747,651,1
876,593,589,1
877,748,749,1
878,727,748,1
879,631,697,1
880,605,746,1
881,692,706,1
882,765,618,1
883,720,643,1
884,765,619,1
885,765,676,1
886,716,676,1
887,814,715,1
888,814,599,1
889,837,715,1
890,838,833,1
891,838,837,1
892,833,716,1
893,833,818,1
894,720,682,1
895,835,716,1
896,618,611,1
897,619,612,1
898,756,720,1
899,756,604,1
900,752,756,1
901,709,619,1
902,827,709,1
903,619,613,1
904,618,616,1
905,621,616,1
906,621,613,1
907,821,817,1
908,643,648,1
909,648,795,1
910,600,599,1
911,815,600,1
912,827,699,1
913,636,833,1
914,635,636,1
915,750,635,1
916,820,750,1
917,833,820,1
918,649,833,1
919,755,756,1
920,751,755,1
921,757,751,1
922,756,757,1
923,712,756,1
924,712,756,1
925,817,682,1
926,818,817,1
927,795,815,1
928,638,594,1
929,796,690,1
930,690,688,1
931,785,688,1
932,809,774,1
933,808,724,1
934,808,784,1
935,809,632,1
936,632,628,1
937,738,628,1
938,627,774,1
939,708,707,1
940,813,808,1
941,728,650,1
942,650,614,1
943,708,614,1
944,708,615,1
945,801,776,1
946,779,776,1
947,809,595,1
948,778,595,1
949,783,595,1
950,783,777,1
951,777,767,1
952,782,779,1
953,780,653,1
954,722,653,1
955,722,615,1
956,754,708,1
957,741,633,1
958,802,742,1
959,742,717,1
960,717,615,1
961,792,595,1
962,792,768,1
963,810,594,1
964,810,672,1
965,670,592,1
966,793,592,1
967,689,793,1
968,672,634,1
969,660,634,1
970,723,660,1
971,816,614,1
972,782,764,1
973,822,797,1
974,834,822,1
975,834,793,1
976,780,594,1
977,809,642,1
978,728,812,1
979,816,637,1
980,819,637,1
981,819,632,1
982,805,793,1
983,707,615,1
984,780,681,1
985,733,754,1
986,733,741,1
987,681,638,1
988,780,764,1
989,767,764,1
990,802,633,1
991,670,610,1
992,812,813,1
993,805,794,1
994,610,592,1
995,669,672,1
996,671,669,1
997,836,809,1
998,590,738,1
999,662,733,1
1000,801,778,1
1001,673,671,1
1002,659,723,1
1003,730,662,1
1004,670,673,1
1005,797,689,1
1006,796,779,1
1007,785,627,1
1008,598,723,1
1009,670,640,1
1010,840,769,1
1011,772,770,1
1012,772,771,1
1013,771,745,1
1014,744,680,1
1015,680,666,1
1016,769,762,1
1017,773,762,1
1018,773,766,1
1019,646,623,1
1020,666,623,1
1021,769,617,1
1022,753,617,1
1023,763,753,1
1024,831,789,1
1025,831,601,0
1026,803,769,1
1027,770,641,1
1028,807,641,1
1029,807,803,1
1030,601,803,1
1031,799,601,1
1032,799,674,1
1033,675,674,1
1034,803,731,1
1035,803,664,1
1036,736,664,1
1037,736,732,1
1038,731,695,1
1039,734,731,0
1040,734,731,0
1041,735,734,1
1042,623,597,1
1043,823,665,1
1044,823,714,1
1045,714,629,1
1046,811,601,1
1047,828,811,1
1048,828,668,1
1049,718,668,1
1050,729,718,1
1051,655,668,1
1052,657,656,1
1053,759,656,1
1054,658,668,1
1055,679,658,1
1056,667,679,1
1057,759,718,1
1058,826,760,1
1059,826,645,1
1060,644,645,1
1061,760,719,1
1062,719,620,1
1063,786,620,1
1064,786,607,1
1065,608,607,1
1066,840,695,1
1067,762,758,1
1068,781,770,1
1069,781,758,1
1070,839,601,1
1071,839,798,1
1072,798,740,1
1073,763,624,1
1074,806,608,1
1075,630,806,1
1076,743,607,1
1077,743,832,1
1078,832,678,1
1079,713,597,1
1080,677,675,1
1081,789,770,1
1082,803,726,1
1083,743,661,1
1084,831,800,1
1085,740,800,1
1086,760,652,1
1087,744,745,1
1088,657,655,1
1089,644,791,1
1090,766,646,1
1091,652,667,1
1092,626,832,1
1093,1859,1274,1
1094,1273,1274,1
1095,985,1493,1
1096,984,985,1
1097,1018,987,1
1098,1017,1018,1
1099,1022,1361,1
1100,1021,1022,1
1101,1145,901,1
1102,1601,1349,1
1103,902,1601,1
1104,1600,1601,1
1105,1328,1248,1
1106,1718,1328,1
1107,1326,1328,1
1108,1329,1247,1
1109,1719,1329,1
1110,1327,1329,1
1111,1889,1631,1
1112,1630,1302,1
1113,1015,885,1
1114,1014,886,1
1115,1218,1633,1
1116,1352,1218,1
1117,1217,1218,1
1118,899,1413,1
1119,1860,899,1
1120,899,897,1
1121,1265,1414,1
1122,1561,1207,1
1123,1057,1561,1
1124,1352,1057,1
1125,1560,1561,1
1126,1057,1056,1
1127,1712,976,1
1128,1354,1712,1
1129,1712,1710,1
1130,1713,977,1
1131,1354,1713,1
1132,1713,1711,1
1133,1889,1365,1
1134,1675,1308,1
1135,1674,1852,1
1136,1322,1181,1
1137,1591,1322,1
1138,1322,1320,1
1139,1323,929,1
1140,1767,1323,1
1141,1323,1321,1
1142,1354,841,1
1143,1353,842,1
1144,1422,1008,1
1145,993,1009,1
1146,1354,993,1
1147,993,992,1
1148,1398,1234,1
1149,1464,1338,1
1150,1495,1782,1
1151,1668,1864,1
1152,1011,1668,1
1153,1667,1668,1
1154,1441,1772,1
1155,1388,1294,1
1156,1223,1450,0
1157,1069,991,1
1158,1747,1503,1
1159,1120,1433,1
1160,1498,1433,1
1161,1589,1314,1
1162,1751,963,1
1163,1751,1333,1
1164,1337,1248,1
1165,1890,1005,1
1166,1484,1268,1
1167,1569,1268,1
1168,1804,1016,1
1169,1212,1014,1
1170,849,1805,1
1171,1014,1691,1
1172,1887,940,1
1173,880,1216,1
1174,1176,1715,1
1175,1014,1176,1
1176,1175,1176,1
1177,1691,1225,1
1178,1209,971,1
1179,1488,1646,1
1180,1739,1806,1
1181,1740,961,1
1182,1555,1389,1
1183,1210,885,1
1184,1202,886,1
1185,1867,885,1
1186,1868,886,1
1187,1750,1792,1
1188,1079,1791,1
1189,1545,1430,1
1190,1126,1103,1
1191,1130,1126,1
1192,1859,1130,1
1193,1124,1126,1
1194,1128,1130,1
1195,986,856,1
1196,1263,1235,1
1197,1366,1136,1
1198,1859,1205,1
1199,1860,1135,1
1200,1243,855,1
1201,1511,1263,1
1202,904,1235,1
1203,1280,1206,1
1204,1611,1131,1
1205,1860,1611,1
1206,1611,1610,1
1207,1129,1132,1
1208,1859,1129,1
1209,1127,1129,1
1210,1125,856,1
1211,1102,1125,1
1212,1123,1125,1
1213,1920,855,1
1214,1921,856,1
1215,1677,855,1
1216,1235,1741,1
1217,1236,1742,1
1218,1574,1417,1
1219,1554,1417,0
1220,1871,1418,1
1221,1870,1871,1
1222,1451,1870,1
1223,1554,1871,0
1224,1223,1870,0
1225,1919,1295,1
1226,1859,1134,1
1227,1133,855,1
1228,1624,856,1
1229,1690,1279,1
1230,1918,1690,1
1231,1689,1670,1
1232,1721,1485,1
1233,1880,1264,1
1234,1365,1312,1
1235,1313,898,1
1236,1720,1004,1
1237,1568,1510,1
1238,1264,1213,1
1239,1859,1637,1
1240,1879,1244,1
1241,951,1236,1
1242,1859,951,1
1243,950,951,1
1244,1859,903,1
1245,1266,1860,1
1246,1860,1575,1
1247,1640,1625,1
1248,1638,1640,1
1249,1639,1640,1
1250,1236,1676,1
1251,1450,1554,1
1252,958,855,1
1253,959,856,1
1254,1249,934,1
1255,1903,933,1
1256,1250,852,1
1257,935,1696,1
1258,1286,1222,1
1259,1820,1286,1
1260,1048,936,1
1261,1663,1025,1
1262,1872,1429,1
1263,1813,1872,1
1264,1696,1812,1
1265,1927,1726,1
1266,1409,1315,1
1267,1427,847,1
1268,1049,1411,1
1269,1716,1287,1
1270,1748,1695,1
1271,1821,848,1
1272,1026,1287,1
1273,1497,1696,1
1274,1221,1570,1
1275,1888,1015,1
1276,1241,1015,1
1277,1815,1571,1
1278,854,1815,1
1279,1814,1815,1
1280,1885,1226,1
1281,1754,1885,1
1282,1607,1286,1
1283,1927,1286,1
1284,1842,1813,1
1285,1608,1928,1
1286,1286,1028,1
1287,1664,1928,1
1288,1250,1717,1
1289,1886,1570,1
1290,1016,1570,1
1291,1015,1571,1
1292,1249,1570,1
1293,1429,1119,1
1294,1027,1428,1
1295,1832,1727,1
1296,1410,1606,1
1297,1831,1609,1
1298,1242,1904,1
1299,1412,1287,1
1300,1695,1286,1
1301,1753,880,1
1302,1016,1384,1
1303,1385,970,1
1304,1287,990,1
1305,945,1007,1
1306,968,945,1
1307,943,945,1
1308,1641,1336,1
1309,953,1641,1
1310,1540,953,1
1311,1595,1540,1
1312,952,953,1
1313,1538,1540,1
1314,1483,1068,1
1315,1757,1364,1
1316,1869,922,1
1317,1892,1869,1
1318,1913,1869,1
1319,866,1913,1
1320,1911,1913,1
1321,857,1116,1
1322,1588,1288,1
1323,1434,1546,1
1324,1434,1195,1
1325,1196,922,1
1326,1851,1433,1
1327,1201,1433,1
1328,1586,1201,1
1329,1201,1199,1
1330,1434,1187,1
1331,1516,1171,1
1332,1100,1516,1
1333,1186,1100,1
1334,1516,1514,1
1335,1100,1098,1
1336,1407,1631,1
1337,1452,1407,1
1338,1405,1407,1
1339,1084,1630,1
1340,869,1084,1
1341,1082,1084,1
1342,1416,1631,1
1343,1415,1630,1
1344,1632,1762,1
1345,1671,1719,1
1346,1191,1233,1
1347,1379,1478,1
1348,1810,1795,1
1349,1437,1620,1
1350,1642,1437,1
1351,1435,1437,1
1352,1837,1641,1
1353,1144,948,1
1354,1737,1284,1
1355,1877,1476,1
1356,996,1877,1
1357,1875,1877,1
1358,996,1613,1
1359,1436,1620,1
1360,941,1370,1
1361,1085,1419,1
1362,1631,1085,1
1363,1085,1083,1
1364,1137,976,1
1365,1838,1324,1
1366,1566,1738,1
1367,1408,1566,1
1368,870,1408,1
1369,1566,1564,1
1370,1406,1408,1
1371,1737,1146,1
1372,1233,1828,1
1373,1233,1035,1
1374,1479,1006,1
1375,1838,1472,1
1376,1621,1839,1
1377,1101,981,1
1378,1517,1101,1
1379,1839,1517,1
1380,1101,1099,1
1381,1515,1517,1
1382,1197,921,1
1383,1910,1197,1
1384,1907,1910,1
1385,1195,1197,0
1386,1909,1910,1
1387,1253,1115,1
1388,1835,1253,1
1389,1253,1251,1
1390,925,1115,1
1391,1884,925,1
1392,923,925,1
1393,1272,1115,1
1394,1718,1272,1
1395,1272,1269,1
1396,1319,1115,1
1397,1719,1319,1
1398,1318,1319,1
1399,1363,1289,1
1400,1363,1289,1
1401,1141,1114,1
1402,1363,1141,1
1403,1139,1141,1
1404,1653,1116,1
1405,1142,1653,1
1406,1364,1142,1
1407,1652,1653,1
1408,1138,1142,1
1409,1034,1874,1
1410,1420,1034,1
1411,1033,1034,1
1412,1152,1526,1
1413,1382,976,1
1414,1810,1796,1
1415,1612,929,1
1416,1341,929,1
1417,1342,930,1
1418,1840,1656,1
1419,1841,1657,1
1420,1623,1114,1
1421,1841,1623,1
1422,1622,1623,1
1423,1840,1114,1
1424,1254,1114,1
1425,1471,1254,1
1426,1849,1471,1
1427,1254,1252,1
1428,1469,1471,1
1429,1297,1114,1
1430,1785,1413,1
1431,1823,1785,1
1432,1783,1785,1
1433,1786,1414,1
1434,1599,1786,1
1435,1784,1786,1
1436,1840,1704,1
1437,1233,1008,1
1438,1413,1147,1
1439,1414,1148,1
1440,1030,1629,1
1441,1718,1030,1
1442,1030,1029,1
1443,1380,1626,1
1444,977,1278,1
1445,1840,1370,1
1446,889,1415,1
1447,1874,889,1
1448,889,887,1
1449,1240,1416,1
1450,1619,1240,1
1451,1239,1240,1
1452,1234,1800,1
1453,1801,1233,1
1454,930,1801,1
1455,1799,1801,1
1456,1106,1116,1
1457,1270,1106,1
1458,1104,1106,1
1459,1811,1901,1
1460,1552,850,1
1461,895,1552,1
1462,1552,1550,1
1463,1777,1020,1
1464,890,1778,1
1465,1874,890,1
1466,890,888,1
1467,1234,1771,1
1468,1447,1288,1
1469,1797,1447,1
1470,1447,1445,1
1471,1446,1051,1
1472,1359,1446,1
1473,1288,1359,1
1474,1446,1444,1
1475,1359,1357,1
1476,1777,1415,1
1477,1900,1841,1
1478,1151,1900,1
1479,1899,1900,1
1480,1374,1584,1
1481,1811,1374,1
1482,1374,1372,1
1483,1041,1234,1
1484,1062,1041,1
1485,1040,1041,1
1486,1733,1650,1
1487,1902,1651,1
1488,1752,1594,1
1489,1839,921,1
1490,1840,1042,1
1491,1470,1043,1
1492,1296,1470,1
1493,1468,1470,1
1494,1795,1513,1
1495,1512,1289,1
1496,1649,1289,1
1497,1705,1649,1
1498,1841,1705,1
1499,1647,1649,1
1500,1703,1705,1
1501,1585,886,1
1502,1373,885,1
1503,1050,1373,1
1504,1373,1371,1
1505,1780,1580,1
1506,1837,1780,1
1507,1779,1780,1
1508,1708,1620,1
1509,1492,944,1
1510,1364,1492,1
1511,1490,1492,1
1512,1143,1363,1
1513,1491,1143,1
1514,1140,1143,1
1515,1539,1752,1
1516,1794,1865,1
1517,983,947,1
1518,1391,946,1
1519,1432,1180,1
1520,1441,1432,1
1521,1432,1431,1
1522,1403,1180,1
1523,1731,1352,1
1524,1224,1352,1
1525,1223,1866,1
1526,1224,1915,1
1527,1389,1914,1
1528,1682,1730,1
1529,1680,1682,1
1530,1223,1682,0
1531,1223,861,1
1532,1000,1317,1
1533,1223,1052,1
1534,1053,1681,1
1535,1220,1180,1
1536,1458,1180,1
1537,979,1211,1
1538,1768,1300,1
1539,1905,1897,1
1540,1480,1388,1
1541,1481,1389,1
1542,1388,1898,1
1543,862,1906,1
1544,1916,1389,1
1545,1665,1660,1
1546,1666,946,1
1547,1698,1181,1
1548,1203,1178,1
1549,1714,1181,1
1550,1701,1179,1
1551,1804,1701,1
1552,1701,1699,1
1553,1702,1178,1
1554,1673,1702,1
1555,1702,1700,1
1556,1805,1673,1
1557,1036,1673,1
1558,1674,946,1
1559,1675,947,1
1560,1856,1675,1
1561,1857,1673,1
1562,1507,1487,1
1563,1675,1507,1
1564,1506,1507,1
1565,1674,1486,1
1566,1673,1846,1
1567,1223,919,1
1568,1774,878,1
1569,1728,878,1
1570,1353,1110,1
1571,1725,1073,1
1572,1353,1725,1
1573,1725,1723,1
1574,1531,879,1
1575,1353,1531,1
1576,1531,1530,1
1577,1367,1353,1
1578,1001,1441,1
1579,1072,1549,1
1580,1522,1440,1
1581,1262,1219,1
1582,1467,1262,1
1583,1440,1467,1
1584,1261,1262,1
1585,1466,1467,1
1586,1238,1219,1
1587,1423,1189,1
1588,1185,1220,1
1589,974,1185,1
1590,1184,1185,1
1591,1189,1548,1
1592,1833,1368,1
1593,1219,1459,1
1594,1397,1794,1
1595,1224,1397,1
1596,1397,1396,1
1597,876,1181,1
1598,877,955,1
1599,1177,954,1
1600,1301,1177,1
1601,1173,1177,1
1602,1174,1177,0
1603,1194,1486,1
1604,1855,1194,1
1605,1193,1194,1
1606,1487,1661,1
1607,1486,1285,1
1608,1505,1486,1
1609,1487,1258,1
1610,1729,1523,1
1611,1496,1440,1
1612,1724,975,1
1613,1111,1724,1
1614,1722,1724,1
1615,1316,879,1
1616,1024,879,1
1617,1399,1024,1
1618,1023,1024,1
1619,1805,978,1
1620,913,946,1
1621,914,947,1
1622,915,947,1
1623,916,946,1
1624,1353,1773,1
1625,1220,982,1
1626,1440,1404,1
1627,1917,920,1
1628,1421,1354,1
1629,1697,1179,1
1630,1424,1237,1
1631,1843,1794,1
1632,1804,1037,1
1633,1854,1770,1
1634,1390,1793,1
1635,1834,1793,1
1636,1443,1847,1
1637,1805,1443,1
1638,1443,1442,1
1639,1093,1080,1
1640,1659,1112,1
1641,1896,1659,1
1642,1658,1659,1
1643,1346,1895,1
1644,1746,900,1
1645,1736,900,1
1646,1896,1070,1
1647,1344,900,1
1648,1092,1149,1
1649,1347,901,1
1650,967,1347,1
1651,1345,1347,1
1652,882,1059,1
1653,1112,882,1
1654,882,881,1
1655,1112,1494,1
1656,1248,901,1
1657,1247,902,1
1658,1093,1087,1
1659,1118,1092,1
1660,1501,1092,1
1661,1054,1093,1
1662,1055,1092,1
1663,1535,1093,1
1664,1895,1535,1
1665,1535,1533,1
1666,1896,1298,1
1667,1534,1092,1
1668,1299,1534,1
1669,1534,1532,1
1670,1293,1268,1
1671,1889,1303,1
1672,1890,1501,1
1673,1890,1502,1
1674,928,1335,1
1675,1889,1693,1
1676,1890,1694,1
1677,1826,1267,1
1678,1343,1895,1
1679,1092,1071,1
1680,1334,1267,1
1681,1827,1455,1
1682,1502,965,1
1683,1557,1454,1
1684,892,1002,1
1685,1109,900,1
1686,1578,1065,1
1687,1735,1501,1
1688,1808,1081,1
1689,1002,1093,1
1690,1003,1755,1
1691,1076,1086,1
1692,1003,1077,1
1693,964,1745,1
1694,1760,1086,1
1695,1759,1087,1
1696,1556,891,1
1697,1579,907,1
1698,1501,927,1
1699,1058,1080,1
1700,1521,1112,1
1701,1093,1790,1
1702,1519,1679,1
1703,1617,1002,1
1704,1150,1617,1
1705,1616,1617,1
1706,1678,1003,1
1707,1518,1149,1
1708,1756,1092,1
1709,1882,1117,1
1710,1002,1881,1
1711,1501,1002,1
1712,1502,1003,1
1713,1332,1066,1
1714,972,902,1
1715,1789,1108,1
1716,1113,966,1
1717,1150,1080,1
1718,962,973,1
1719,907,1113,1
1720,1400,1501,1
1721,1401,1502,1
1722,1402,1501,1
1723,1686,957,1
1724,1169,1395,1
1725,1291,1169,1
1726,1167,1169,1
1727,1685,917,1
1728,1685,864,1
1729,1686,1573,1
1730,1685,1276,1
1731,1706,1395,1
1732,1170,1395,1
1733,1818,1170,1
1734,1170,1168,1
1735,1819,1615,1
1736,1818,1163,1
1737,1819,1164,1
1738,1819,1158,1
1739,1818,1159,1
1740,1825,1573,1
1741,1377,1572,1
1742,1819,1156,1
1743,1394,1153,1
1744,1394,1154,1
1745,1395,1155,1
1746,1395,1160,1
1747,1394,1161,1
1748,1819,1166,1
1749,1394,1157,1
1750,1394,871,1
1751,995,872,1
1752,1559,1074,1
1753,1824,1375,1
1754,1542,1377,1
1755,957,1543,1
1756,1685,1763,1
1757,1692,939,1
1758,1692,1685,1
1759,1691,1686,1
1760,1229,1775,1
1761,1687,1229,1
1762,1227,1229,1
1763,1230,1776,1
1764,1688,1230,1
1765,1228,1230,1
1766,1692,1604,1
1767,1686,1438,1
1768,1439,1392,1
1769,1183,1215,1
1770,1775,1355,1
1771,1645,883,1
1772,1079,1541,1
1773,1078,1307,1
1774,1605,1356,1
1775,1375,994,1
1776,1097,1740,1
1777,1739,1064,1
1778,1739,1861,1
1779,1740,1862,1
1780,894,1462,1
1781,1776,894,1
1782,893,894,1
1783,1078,1393,1
1784,1078,906,1
1785,1844,956,1
1786,1572,865,1
1787,998,1375,1
1788,1290,1685,1
1789,1818,1376,1
1790,1819,1377,1
1791,1894,1573,1
1792,918,1536,1
1793,1079,1096,1
1794,1394,1165,1
1795,1075,1572,1
1796,1614,1375,1
1797,1456,1078,1
1798,1528,1457,1
1799,1331,1377,1
1800,1449,1306,1
1801,1529,1307,1
1802,1776,1691,1
1803,1776,1685,1
1804,1395,1162,1
1805,1636,999,1
1806,1775,1182,1
1807,1376,1558,1
1808,1386,1572,1
1809,1387,1573,1
1810,884,905,1
1811,1577,1395,1
1812,1845,1465,1
1813,1537,956,1
1814,1304,1463,1
1815,1853,1893,1
1816,999,1330,1
1817,1309,1394,1
1818,1448,1749,1
1819,1079,1305,1
1820,1010,1764,1
1821,1275,1635,1
1822,1791,1765,1
1823,1765,863,1
1824,1766,843,1
1825,1765,844,1
1826,1766,845,1
1827,1766,846,1
1828,1792,1766,1
1829,931,1863,1
1830,1256,1350,1
1831,875,932,1
1832,1012,875,1
1833,873,875,1
1834,1765,1256,1
1835,1787,1256,1
1836,1121,1863,1
1837,1791,1602,1
1838,1791,874,1
1839,1743,1361,1
1840,1744,1362,1
1841,1122,1864,1
1842,1864,1339,1
1843,1475,1562,1
1844,1792,1563,1
1845,1246,1361,1
1846,1592,1245,1
1847,1603,1089,1
1848,1255,1582,1
1849,1255,1461,1
1850,1499,1460,1
1851,1583,1088,1
1852,1256,1662,1
1853,1095,1500,1
1854,1654,1095,1
1855,1095,1094,1
1856,1807,1791,1
1857,1766,1255,1
1858,1351,1361,1
1859,1788,1474,1
1860,960,1792,1
1861,1792,1013,1
1862,1791,1489,1
1863,1839,1172,1
1864,1277,1369,1
1865,1360,1289,1
1866,1627,1360,1
1867,1358,1360,1
1868,1598,1415,1
1869,911,885,1
1870,1628,1802,1
1871,912,886,1
1872,1632,1873,1
1873,1567,1453,1
1874,1738,1567,1
1875,1567,1565,1
1876,929,1046,1
1877,930,1047,1
1878,1839,1378,1
1879,1644,1473,1
1880,1621,1644,1
1881,1643,1644,1
1882,1413,989,1
1883,1067,1069,1
1884,1553,1208,1
1885,1618,1553,1
1886,1551,1553,1
1887,1761,988,1
1888,1923,1288,1
1889,1115,1060,1
1890,1115,1061,1
1891,1709,1684,1
1892,1311,1778,1
1893,1416,1311,1
1894,1310,1311,1
1895,868,1544,1
1896,868,1758,1
1897,867,868,1
1898,926,1115,1
1899,938,926,1
1900,1107,938,1
1901,1271,1107,1
1902,924,926,1
1903,938,937,1
1904,1105,1107,1
1905,1426,1836,1
1906,1873,1426,1
1907,1426,1425,1
1908,1044,1259,1
1909,1718,1581,1
1910,1200,1642,1
1911,1850,1200,1
1912,1198,1200,1
1913,1634,851,1
1914,1803,1283,1
1915,949,1632,1
1916,1527,977,1
1917,1547,1908,1
1918,1848,1232,1
1919,1837,1672,1
1920,1590,930,1
1921,921,1544,1
1922,1838,1545,1
1923,1683,980,1
1924,1632,1348,1
1925,1817,1348,1
1926,1146,1817,1
1927,1816,1817,1
1928,1260,1839,1
1929,896,1019,1
1930,1878,997,1
1931,1597,1878,1
1932,930,1597,1
1933,1876,1878,1
1934,1597,1596,1
1935,1369,1477,1
1936,1830,942,1
1937,976,1830,1
1938,1829,1830,1
1939,1858,1009,1
1940,1233,1009,1
1941,909,1233,1
1942,910,1234,1
1943,1204,1008,1
1944,1364,1891,1
1945,1433,1525,1
1946,1524,1544,1
1947,1822,1416,1
1948,1116,969,1
1949,1648,1288,1
1950,1045,1912,1
1951,1325,858,1
1952,1192,1063,1
1953,1732,1192,1
1954,1190,1192,1
1955,1513,1922,1
1956,1781,1234,1
1957,1364,1482,1
1958,857,1508,1
1959,858,1509,1
1960,1873,1883,1
1961,1587,1642,1
1962,1504,1544,1
1963,859,1586,1
1964,860,1587,1
1965,1090,1671,1
1966,1091,1672,1
1967,1281,857,1
1968,1282,858,1
1969,1734,1761,1
1970,1038,1044,1
1971,1039,1045,1
1972,1031,1008,1
1973,1032,1009,1
1974,1233,997,1
1975,1798,1796,1
1976,1340,1840,1
1977,1926,1383,1
1978,1231,1926,1
1979,1924,1926,1
1980,929,1381,1
1981,1992,2104,1
1982,2308,2168,1
1983,2435,2168,1
1984,2435,2169,1
1985,2273,2181,1
1986,2181,1944,1
1987,1996,1989,1
1988,2381,2039,1
1989,1991,1980,1
1990,2137,1980,1
1991,1990,1939,1
1992,2275,2438,0
1993,2317,1946,1
1994,2396,2317,1
1995,2283,1982,1
1996,2318,1987,1
1997,2311,2347,1
1998,2127,2175,1
1999,1962,2446,1
2000,2303,2446,1
2001,2426,2194,1
2002,1996,1994,1
2003,2124,2224,1
2004,2382,2306,1
2005,2397,2216,1
2006,2363,2397,1
2007,2363,2011,1
2008,2069,2397,1
2009,2328,2205,1
2010,2330,2244,1
2011,2047,2287,1
2012,2218,2132,1
2013,2217,2395,1
2014,2395,2078,1
2015,2149,2395,1
2016,2204,1965,0
2017,2204,2051,1
2018,2133,2077,1
2019,2392,2387,1
2020,2324,1966,1
2021,2270,2379,1
2022,2271,2380,1
2023,2377,2078,1
2024,2388,2377,1
2025,2379,2077,1
2026,2379,1966,1
2027,2387,2380,1
2028,2380,1965,1
2029,2415,2214,1
2030,2324,2415,1
2031,2386,2415,1
2032,2266,1965,1
2033,2266,2213,1
2034,2393,2355,1
2035,2385,2213,1
2036,2385,2369,1
2037,2393,2369,1
2038,2370,2214,1
2039,2370,2356,1
2040,2213,2201,1
2041,2334,2214,1
2042,2214,2205,1
2043,2416,2214,1
2044,2367,2416,1
2045,2281,2213,1
2046,2051,2177,1
2047,2334,2175,1
2048,2438,2201,1
2049,2391,2355,1
2050,2406,1966,1
2051,2205,2406,1
2052,2406,2176,1
2053,2078,2045,1
2054,2045,2356,1
2055,2376,2077,1
2056,2376,2226,1
2057,2390,2078,1
2058,2391,2077,1
2059,2391,2044,1
2060,2375,2355,1
2061,2372,2356,1
2062,2371,2374,1
2063,2372,2310,1
2064,2310,2265,1
2065,2355,2225,1
2066,2390,2371,1
2067,2078,1965,1
2068,1940,2078,1
2069,2447,2301,1
2070,1940,2447,1
2071,2347,2205,1
2072,2028,2146,1
2073,2224,2028,1
2074,2247,2239,1
2075,2373,1996,1
2076,2439,2373,1
2077,2382,2189,1
2078,2333,2305,1
2079,1985,2336,1
2080,2234,2336,1
2081,2405,2146,1
2082,2405,2381,1
2083,2405,2014,1
2084,2184,2003,1
2085,2002,1984,1
2086,2350,2013,1
2087,2350,1968,1
2088,2235,1968,1
2089,1950,2228,1
2090,1983,1974,1
2091,2353,2262,1
2092,2003,1974,1
2093,2428,2267,1
2094,1933,2002,1
2095,2409,2234,1
2096,2409,2260,1
2097,2409,2232,1
2098,2437,2057,1
2099,2174,2389,1
2100,2203,2057,1
2101,2304,2146,1
2102,2304,2068,1
2103,2068,2046,1
2104,2180,2046,1
2105,2260,2229,1
2106,2232,2229,1
2107,2200,1943,1
2108,2233,2073,1
2109,2206,2021,1
2110,2428,1933,1
2111,2152,1953,1
2112,2274,1953,1
2113,2309,2307,1
2114,2194,2021,1
2115,2256,2227,1
2116,1984,1942,1
2117,2250,1984,1
2118,2004,2250,1
2119,2319,2189,1
2120,2373,2247,1
2121,2411,2234,1
2122,2411,2366,1
2123,2411,2232,0
2124,2373,2305,1
2125,2035,2146,1
2126,2307,2035,1
2127,2238,2073,1
2128,2382,2165,1
2129,2293,2238,1
2130,2293,2068,1
2131,1961,2239,1
2132,2319,2186,1
2133,2308,2247,1
2134,2235,2232,1
2135,2013,2004,1
2136,2012,2011,1
2137,2309,2165,1
2138,2152,2146,1
2139,2437,2235,1
2140,2292,2073,1
2141,2333,2292,1
2142,2251,2002,1
2143,2366,2173,1
2144,1961,2206,1
2145,2251,2185,1
2146,2227,2003,1
2147,2233,2257,1
2148,2228,2126,1
2149,2233,1983,1
2150,2280,2200,1
2151,2267,2258,1
2152,2319,2002,1
2153,2412,2256,1
2154,1950,2412,1
2155,2428,2412,0
2156,2239,2006,1
2157,2238,2261,1
2158,2239,2262,1
2159,2156,2238,1
2160,2259,2156,1
2161,2239,2053,1
2162,2257,2187,1
2163,2187,2003,1
2164,2259,2186,1
2165,2353,2257,1
2166,2439,1985,1
2167,2350,2280,1
2168,2251,1981,1
2169,2353,1981,1
2170,2126,2053,1
2171,2259,2007,1
2172,2258,2180,1
2173,2436,1930,1
2174,1967,2436,1
2175,2064,1967,1
2176,2328,2074,1
2177,2212,2020,1
2178,2399,2065,1
2179,2399,2210,1
2180,2399,2139,1
2181,2020,2211,1
2182,2212,2074,1
2183,2211,2127,1
2184,2196,2091,1
2185,2335,1929,1
2186,2157,2434,1
2187,2157,2056,1
2188,2086,2055,1
2189,2092,1972,1
2190,2398,2215,1
2191,2070,2398,1
2192,2089,2398,1
2193,2054,2216,1
2194,2067,2216,1
2195,2216,2092,1
2196,2095,2055,1
2197,2269,2095,1
2198,2211,2207,1
2199,2210,2209,1
2200,2306,1972,1
2201,2352,2215,0
2202,2351,2042,1
2203,2143,1934,1
2204,2091,2042,1
2205,2093,2042,1
2206,1931,1932,1
2207,1932,1930,1
2208,2101,2083,1
2209,2090,1930,1
2210,2134,2090,1
2211,2064,2062,1
2212,1936,2134,1
2213,2101,1936,1
2214,2056,2055,1
2215,1931,1929,0
2216,2211,2202,1
2217,2269,2210,1
2218,2127,2125,1
2219,2058,1929,1
2220,2118,2058,1
2221,2209,2208,1
2222,2311,2202,1
2223,2357,2196,1
2224,2378,2075,1
2225,2138,1988,1
2226,2066,1988,1
2227,2066,2062,1
2228,2221,2091,1
2229,2357,2335,1
2230,2125,2086,1
2231,2277,2221,1
2232,2327,2277,1
2233,2327,2066,1
2234,2299,2091,1
2235,2188,2092,1
2236,2434,2188,1
2237,2127,2124,1
2238,2299,2143,1
2239,2299,2090,0
2240,2137,1989,1
2241,2119,1990,1
2242,2297,2015,1
2243,2316,2016,1
2244,2119,2032,1
2245,2316,1994,1
2246,2407,2050,1
2247,1944,2407,1
2248,2182,2407,1
2249,2404,2015,1
2250,2318,2404,1
2251,2159,2404,1
2252,2050,2015,1
2253,2284,2283,1
2254,2297,2169,1
2255,2403,2016,1
2256,2158,2403,1
2257,1990,2403,1
2258,2284,2032,1
2259,2027,2015,1
2260,2026,2027,1
2261,2019,2026,1
2262,2031,2016,1
2263,2018,2031,1
2264,2178,1986,1
2265,2414,2329,1
2266,1986,2414,1
2267,2427,2414,1
2268,2448,2255,1
2269,2448,2179,1
2270,2326,2179,1
2271,1960,1992,1
2272,2023,1960,1
2273,2254,2009,1
2274,2255,2030,1
2275,2331,2009,1
2276,2237,2331,0
2277,2295,2009,1
2278,2429,2010,1
2279,2179,2163,1
2280,2197,2163,1
2281,2197,2005,1
2282,2279,2005,1
2283,2326,1991,1
2284,2384,2278,1
2285,2278,2167,1
2286,2167,2017,1
2287,2236,2010,0
2288,2023,1986,1
2289,2420,2246,1
2290,2191,2332,1
2291,2354,1969,1
2292,2346,2255,1
2293,1941,2254,1
2294,2279,2183,1
2295,2140,2010,1
2296,1941,2140,1
2297,2192,2009,1
2298,2346,2192,1
2299,2329,2254,1
2300,2245,2030,1
2301,2279,2087,1
2302,2087,2008,1
2303,2420,2017,1
2304,2384,2322,1
2305,2325,2323,1
2306,2332,2008,1
2307,2246,1986,1
2308,2273,2178,1
2309,2325,2183,1
2310,2354,1992,1
2311,2294,2166,1
2312,2166,2010,1
2313,2178,2153,1
2314,1969,1939,1
2315,2179,1971,1
2316,2358,1971,1
2317,2279,2178,1
2318,2429,2245,1
2319,2424,2144,1
2320,2272,2425,1
2321,2394,2425,1
2322,2394,2001,1
2323,1948,2394,1
2324,2425,2422,1
2325,2301,2424,1
2326,2424,2198,1
2327,2321,2441,1
2328,2348,2230,1
2329,2320,2348,1
2330,2320,2302,1
2331,2320,2314,1
2332,2321,2268,1
2333,2268,2218,1
2334,1948,2321,1
2335,2290,2320,1
2336,2314,2059,1
2337,1951,1937,1
2338,2320,2222,1
2339,2222,1952,1
2340,2162,1951,1
2341,2321,1937,1
2342,1952,2230,1
2343,2359,1952,1
2344,2063,1952,1
2345,2359,2282,1
2346,2282,2198,1
2347,2298,2024,1
2348,2164,2024,1
2349,2298,2198,1
2350,2164,1951,1
2351,2298,2071,1
2352,2072,1963,1
2353,1997,2072,1
2354,2128,1997,1
2355,2144,1963,1
2356,2047,2302,1
2357,2000,2290,1
2358,2047,2441,1
2359,2135,2425,1
2360,2433,2171,1
2361,1979,1946,1
2362,2171,1947,1
2363,2172,1945,1
2364,2344,2171,1
2365,2344,2172,1
2366,2171,2141,1
2367,2172,1958,1
2368,2340,2338,1
2369,2345,2337,1
2370,2344,2340,1
2371,2344,2341,1
2372,2341,2339,1
2373,2107,1947,1
2374,2365,1945,1
2375,2364,1947,1
2376,1947,1946,1
2377,2249,1979,1
2378,2433,2249,1
2379,2161,2141,1
2380,2276,2161,1
2381,1959,1975,1
2382,2361,2061,1
2383,2060,1975,1
2384,2361,1975,1
2385,2362,1975,1
2386,2060,2052,1
2387,2096,1975,1
2388,2219,1975,1
2389,2220,1975,1
2390,2170,2052,1
2391,2170,2162,1
2392,2096,2063,1
2393,2162,2063,1
2394,2142,2063,1
2395,2342,2340,1
2396,2343,2341,1
2397,2296,2219,1
2398,2084,2253,1
2399,2080,2252,1
2400,2408,2253,1
2401,2081,2408,1
2402,2401,2408,1
2403,2131,2401,1
2404,2410,2401,1
2405,2312,2410,1
2406,2264,2410,1
2407,2097,2252,1
2408,2079,2085,1
2409,2098,2252,1
2410,2110,2115,1
2411,2099,2253,1
2412,2440,2114,1
2413,2243,2252,1
2414,2253,2109,1
2415,2252,2108,1
2416,2243,2120,1
2417,2253,2116,1
2418,2115,2252,1
2419,2240,2253,1
2420,2241,2252,1
2421,2253,2111,1
2422,2402,1978,1
2423,2150,2402,1
2424,2148,2402,1
2425,2367,2288,1
2426,2289,2033,1
2427,2105,2082,1
2428,2113,2105,1
2429,2113,2108,1
2430,2400,2253,1
2431,2100,2400,1
2432,2103,2400,1
2433,2123,2252,1
2434,2122,2102,1
2435,2106,1973,1
2436,2444,2218,1
2437,2276,2106,1
2438,2218,2151,1
2439,2151,2150,1
2440,2443,2217,1
2441,2040,2217,1
2442,2041,2218,1
2443,2217,2059,1
2444,2037,2446,1
2445,2036,2445,1
2446,2445,1956,1
2447,2440,1956,1
2448,2445,2039,1
2449,2446,2038,1
2450,2446,2121,1
2451,2446,2117,1
2452,2122,2117,1
2453,2445,2244,1
2454,1954,2446,1
2455,2445,2034,1
2456,2110,2114,1
2457,2217,1977,1
2458,1973,1978,1
2459,1977,1970,1
2460,1978,2130,1
2461,2263,1978,1
2462,2413,2112,1
2463,1978,2413,1
2464,2313,2413,1
2465,2082,1977,1
2466,2289,1977,1
2467,2281,1977,1
2468,2265,1978,1
2469,2085,2103,1
2470,2022,1970,1
2471,2076,2419,1
2472,1998,1982,1
2473,2088,1998,1
2474,2431,2160,1
2475,2432,2430,1
2476,2242,2155,1
2477,2430,2242,1
2478,2432,2431,1
2479,2160,2154,1
2480,2029,1998,1
2481,2285,2154,1
2482,2286,2285,1
2483,2154,2088,1
2484,2286,2426,1
2485,2383,2300,1
2486,2421,2049,1
2487,2029,1935,1
2488,2155,1935,1
2489,2193,1962,1
2490,2419,2049,1
2491,2418,2155,1
2492,2418,2300,1
2493,2195,2076,1
2494,2155,1957,1
2495,1987,1957,1
2496,2419,2330,1
2497,2383,2303,1
2498,2190,2154,1
2499,2195,2193,1
2500,2421,1935,1
2501,1955,2421,1
2502,2665,2720,1
2503,2571,2700,1
2504,2676,2630,1
2505,2630,2476,1
2506,2564,2458,1
2507,2655,2659,1
2508,2454,2721,1
2509,2650,2721,1
2510,2474,2510,0
2511,2577,2616,1
2512,2555,2520,1
2513,2525,2612,1
2514,2555,2521,1
2515,2614,2549,1
2516,2723,2722,1
2517,2524,2723,1
2518,2586,2525,1
2519,2479,2470,1
2520,2492,2587,1
2521,2492,2499,1
2522,2696,2600,1
2523,2587,2469,1
2524,2707,2489,1
2525,2691,2707,1
2526,2613,2707,1
2527,2478,2477,1
2528,2603,2485,1
2529,2650,2482,0
2530,2525,2675,1
2531,2470,2689,1
2532,2689,2720,1
2533,2572,2551,1
2534,2610,2632,1
2535,2589,2610,1
2536,2588,2648,1
2537,2452,2554,1
2538,2546,2528,1
2539,2527,2459,1
2540,2537,2529,1
2541,2527,2467,1
2542,2584,2605,1
2543,2452,2648,1
2544,2647,2609,1
2545,2647,2579,1
2546,2465,2529,1
2547,2709,2528,1
2548,2709,2452,1
2549,2709,2452,1
2550,2459,2465,1
2551,2583,2572,1
2552,2510,2583,1
2553,2554,2529,1
2554,2456,2452,1
2555,2643,2456,1
2556,2544,2537,1
2557,2653,2544,1
2558,2475,2653,1
2559,2631,2546,1
2560,2720,2631,1
2561,2676,2528,1
2562,2687,2579,1
2563,2610,2530,1
2564,2530,2673,1
2565,2464,2643,1
2566,2451,2464,1
2567,2632,2572,1
2568,2717,2609,1
2569,2535,2717,1
2570,2470,2475,1
2571,2609,2572,1
2572,2625,2466,0
2573,2647,2625,1
2574,2451,2467,1
2575,2605,2466,1
2576,2642,2653,1
2577,2627,2642,1
2578,2496,2528,1
2579,2497,2529,1
2580,2710,2452,1
2581,2639,2529,1
2582,2549,2551,1
2583,2678,2467,1
2584,2463,2470,1
2585,2678,2627,1
2586,2488,2703,1
2587,2701,2488,1
2588,2533,2702,1
2589,2567,2703,1
2590,2699,2702,1
2591,2683,2684,1
2592,2586,2457,1
2593,2684,2680,1
2594,2511,2567,1
2595,2693,2511,1
2596,2628,2567,1
2597,2645,2628,1
2598,2570,2522,1
2599,2693,2570,1
2600,2462,2526,1
2601,2457,2462,1
2602,2677,2522,1
2603,2509,2677,1
2604,2624,2686,1
2605,2487,2640,1
2606,2640,2684,1
2607,2474,2698,1
2608,2686,2474,1
2609,2698,2704,1
2610,2685,2683,1
2611,2646,2520,1
2612,2665,2578,1
2613,2457,2645,1
2614,2665,2519,1
2615,2519,2509,1
2616,2476,2522,1
2617,2487,2533,1
2618,2683,2680,1
2619,2624,2685,1
2620,2704,2701,1
2621,2703,2560,1
2622,2559,2521,1
2623,2526,2520,1
2624,2561,2680,1
2625,2556,2561,1
2626,2473,2680,1
2627,2562,2702,1
2628,2612,2559,1
2629,2646,2578,1
2630,2698,2713,1
2631,2698,2714,1
2632,2515,2680,1
2633,2516,2681,1
2634,2688,2683,1
2635,2690,2624,1
2636,2690,2473,1
2637,2556,2693,1
2638,2688,2683,1
2639,2700,2665,1
2640,2665,2521,1
2641,2669,2654,1
2642,2662,2664,1
2643,2659,2661,1
2644,2663,2721,1
2645,2664,2590,1
2646,2590,2722,1
2647,2660,2663,1
2648,2564,2483,1
2649,2483,2660,1
2650,2663,2669,1
2651,2565,2564,1
2652,2661,2691,1
2653,2654,2662,1
2654,2574,2722,1
2655,2604,2574,1
2656,2468,2604,1
2657,2498,2468,1
2658,2484,2664,1
2659,2696,2565,1
2660,2498,2484,1
2661,2482,2523,1
2662,2479,2523,1
2663,2502,2611,1
2664,2507,2471,1
2665,2471,2503,1
2666,2539,2504,1
2667,2697,2539,1
2668,2568,2499,1
2669,2568,2580,1
2670,2568,2580,1
2671,2506,2697,1
2672,2514,2506,1
2673,2672,2514,1
2674,2507,2672,1
2675,2471,2718,1
2676,2695,2718,1
2677,2679,2500,1
2678,2668,2499,1
2679,2501,2503,1
2680,2611,2504,1
2681,2636,2503,1
2682,2708,2504,1
2683,2666,2708,1
2684,2705,2708,1
2685,2637,2694,1
2686,2694,2719,1
2687,2506,2682,1
2688,2619,2666,1
2689,2501,2623,1
2690,2513,2636,1
2691,2507,2513,1
2692,2480,2568,1
2693,2503,2480,1
2694,2504,2667,1
2695,2505,2500,1
2696,2576,2504,1
2697,2679,2576,1
2698,2617,2674,1
2699,2679,2617,1
2700,2566,2571,1
2701,2674,2566,1
2702,2622,2501,1
2703,2449,2501,1
2704,2667,2629,1
2705,2591,2472,1
2706,2623,2592,1
2707,2641,2637,1
2708,2633,2499,1
2709,2634,2500,1
2710,2500,2502,1
2711,2633,2518,1
2712,2500,2449,1
2713,2598,2502,1
2714,2499,2598,1
2715,2518,2622,1
2716,2629,2670,1
2717,2472,2641,1
2718,2682,2541,1
2719,2695,2637,1
2720,2541,2591,1
2721,2592,2619,1
2722,2542,2505,1
2723,2670,2542,1
2724,2600,2719,1
2725,2478,2668,1
2726,2538,2504,1
2727,2536,2538,1
2728,2658,2536,1
2729,2657,2536,1
2730,2668,2658,1
2731,2458,2718,1
2732,2644,2504,1
2733,2501,2712,1
2734,2502,2711,1
2735,2618,2500,1
2736,2469,2618,1
2737,2581,2453,1
2738,2706,2596,1
2739,2453,2706,1
2740,2461,2706,1
2741,2671,2595,1
2742,2608,2596,1
2743,2508,2593,1
2744,2569,2593,1
2745,2485,2595,1
2746,2450,2569,1
2747,2517,2569,1
2748,2550,2450,1
2749,2552,2550,1
2750,2597,2593,1
2751,2531,2594,1
2752,2563,2525,1
2753,2602,2563,1
2754,2606,2599,1
2755,2599,2607,1
2756,2581,2552,1
2757,2607,2595,1
2758,2582,2594,1
2759,2585,2597,1
2760,2602,2508,1
2761,2601,2596,1
2762,2608,2606,1
2763,2582,2577,1
2764,2638,2552,1
2765,2593,2595,1
2766,2594,2596,1
2767,2531,2608,1
2768,2454,2491,1
2769,2532,2454,1
2770,2512,2532,1
2771,2543,2512,1
2772,2548,2490,1
2773,2656,2650,1
2774,2545,2548,1
2775,2547,2491,1
2776,2489,2490,1
2777,2715,2486,1
2778,2558,2547,1
2779,2558,2545,1
2780,2621,2524,1
2781,2715,2656,1
2782,2692,2490,1
2783,2558,2655,1
2784,2540,2543,1
2785,2543,2692,1
2786,2481,2715,1
2787,2649,2650,1
2788,2455,2652,1
2789,2621,2651,1
2790,2495,2716,1
2791,2635,2495,1
2792,2573,2635,1
2793,2553,2587,1
2794,2460,2620,1
2795,2626,2460,1
2796,2620,2493,1
2797,2603,2626,1
2798,2716,2492,1
2799,2494,2493,1
2800,2557,2555,1
2801,2575,2557,1
2802,2675,2575,1
2803,2555,2573,1
2804,2615,2494,1
2805,2731,825,1
2806,2731,825,1
2807,2736,1430,1
2808,2737,1872,1
2809,2733,1524,1
2810,2735,2733,1
2811,2732,2733,1
2812,2734,1525,1
2813,5,4,1
2814,7,6,1
2815,9,8,1
2816,11,10,1
2817,12,11,1
2818,16,15,1
2819,18,17,1
2820,20,19,1
2821,22,21,1
2822,29,28,1
2823,37,36,1
2824,40,39,1
2825,43,42,1
2826,45,44,1
2827,48,47,1
2828,51,50,1
2829,53,52,1
2830,55,54,1
2831,57,56,1
2832,59,58,1
2833,62,61,1
2834,64,63,1
2835,73,72,1
2836,75,74,1
2837,77,76,1
2838,79,78,0
2839,81,80,1
2840,85,84,1
2841,87,86,1
2842,89,88,1
2843,91,90,1
2844,93,92,1
2845,95,94,1
2846,97,96,1
2847,99,98,1
2848,101,100,1
2849,103,102,1
2850,105,104,1
2851,107,106,1
2852,109,108,1
2853,112,111,1
2854,114,113,1
2855,117,116,1
2856,119,118,1
2857,121,120,1
2858,123,122,1
2859,126,125,1
2860,128,127,1
2861,130,129,1
2862,135,134,1
2863,139,138,1
2864,142,141,1
2865,145,144,1
2866,147,146,1
2867,149,148,1
2868,151,150,1
2869,154,153,1
2870,156,155,1
2871,158,157,1
2872,160,159,1
2873,163,162,1
2874,165,164,1
2875,166,165,1
2876,170,169,1
2877,172,171,1
2878,174,173,1
2879,177,176,1
2880,179,178,1
2881,185,184,1
2882,187,186,1
2883,189,188,1
2884,191,190,1
2885,194,193,1
2886,196,195,1
2887,198,197,1
2888,200,199,1
2889,202,201,1
2890,204,203,1
2891,206,205,1
2892,208,207,1
2893,214,213,0
2894,222,221,0
2895,229,228,1
2896,244,243,1
2897,250,249,0
2898,259,258,1
2899,266,265,0
2900,283,282,0
2901,285,284,1
2902,287,286,0
2903,299,298,0
2904,312,311,0
2905,320,319,1
2906,327,326,0
2907,336,335,0
2908,344,343,0
2909,346,345,1
2910,356,355,0
2911,357,356,1
2912,363,362,1
2913,377,376,0
2914,381,380,1
2915,387,386,0
2916,395,394,0
2917,406,405,0
2918,408,407,0
2919,423,422,1
2920,431,430,1
2921,438,437,0
2922,440,439,0
2923,443,442,1
2924,459,458,0
2925,466,465,1
2926,477,476,0
2927,487,486,0
2928,489,488,0
2929,491,490,0
2930,496,495,1
2931,509,508,0
2932,511,510,1
2933,517,516,1
2934,519,518,0
2935,522,521,0
2936,526,525,1
2937,532,531,0
2938,534,533,0
2939,538,537,0
2940,540,539,0
2941,543,542,1
2942,549,548,0
2943,553,552,0
2944,558,557,1
2945,576,575,0
2946,579,578,0
2947,589,588,1
2948,595,594,1
2949,615,614,0
2950,619,618,1
2951,666,665,1
2952,687,686,1
2953,698,697,1
2954,716,715,1
2955,732,731,1
2956,742,741,1
2957,760,759,1
2958,770,769,1
2959,780,779,1
2960,809,808,0
2961,848,847,1
2962,851,850,1
2963,853,852,1
2964,854,853,1
2965,856,855,1
2966,858,857,1
2967,862,861,1
2968,865,864,1
2969,867,866,0
2970,870,869,1
2971,872,871,1
2972,874,873,0
2973,877,876,1
2974,879,878,0
2975,884,883,1
2976,886,885,1
2977,892,891,1
2978,896,895,1
2979,898,897,0
2980,901,900,0
2981,902,901,0
2982,900,902,0
2983,904,903,1
2984,906,905,1
2985,908,907,1
2986,912,911,0
2987,918,917,1
2988,920,919,1
2989,922,921,0
2990,924,923,0
2991,928,927,1
2992,930,929,0
2993,932,931,1
2994,934,933,1
2995,936,935,1
2996,940,939,1
2997,942,941,1
2998,944,943,0
2999,947,946,0
3000,949,948,1
3001,955,954,1
3002,957,956,1
3003,961,960,1
3004,963,962,1
3005,965,964,1
3006,967,966,1
3007,969,968,1
3008,971,970,1
3009,973,972,1
3010,975,974,1
3011,977,976,0
3012,979,978,1
3013,981,980,1
3014,983,982,1
3015,987,986,1
3016,989,988,1
3017,991,990,1
3018,995,994,1
3019,997,996,0
3020,999,998,0
3021,1001,1000,1
3022,1002,1003,0
3023,1005,1004,1
3024,1007,1006,1
3025,1009,1008,1
3026,1011,1010,1
3027,1013,1012,1
3028,1015,1014,0
3029,1016,1015,0
3030,1014,1016,0
3031,1020,1019,1
3032,1026,1025,1
3033,1027,1026,1
3034,1037,1036,1
3035,1043,1042,1
3036,1045,1044,1
3037,1047,1046,0
3038,1049,1048,1
3039,1051,1050,1
3040,1053,1052,1
3041,1059,1058,1
3042,1061,1060,0
3043,1063,1062,1
3044,1066,1065,1
3045,1069,1068,1
3046,1071,1070,1
3047,1073,1072,1
3048,1075,1074,1
3049,1077,1076,1
3050,1079,1078,1
3051,1081,1080,1
3052,1083,1082,0
3053,1087,1086,1
3054,1089,1088,1
3055,1093,1092,0
3056,1097,1096,1
3057,1103,1102,1
3058,1105,1104,0
3059,1109,1108,1
3060,1111,1110,1
3061,1113,1112,0
3062,1115,1114,0
3063,1116,1115,0
3064,1114,1116,0
3065,1118,1117,1
3066,1120,1119,1
3067,1124,1123,0
3068,1134,1133,1
3069,1136,1135,1
3070,1139,1138,0
3071,1140,1139,0
3072,1145,1144,1
3073,1146,1145,1
3074,1150,1149,1
3075,1152,1151,1
3076,1157,1156,1
3077,1166,1165,1
3078,1168,1167,0
3079,1172,1171,1
3080,1174,1173,1
3081,1179,1178,0
3082,1181,1180,0
3083,1183,1182,1
3084,1187,1186,1
3085,1189,1188,0
3086,1196,1195,1
3087,1203,1202,1
3088,1206,1205,1
3089,1208,1207,1
3090,1210,1209,1
3091,1212,1211,1
3092,1214,1213,1
3093,1216,1215,1
3094,1220,1219,0
3095,1222,1221,1
3096,1224,1223,0
3097,1226,1225,1
3098,1232,1231,1
3099,1234,1233,0
3100,1236,1235,1
3101,1238,1237,1
3102,1242,1241,1
3103,1244,1243,1
3104,1246,1245,1
3105,1248,1247,0
3106,1250,1249,1
3107,1256,1255,0
3108,1258,1257,1
3109,1260,1259,1
3110,1264,1263,1
3111,1266,1265,1
3112,1268,1267,1
3113,1270,1269,0
3114,1271,1270,0
3115,1278,1277,1
3116,1280,1279,1
3117,1284,1283,1
3118,1287,1286,0
3119,1289,1288,0
3120,1291,1290,1
3121,1293,1292,1
3122,1295,1294,1
3123,1297,1296,1
3124,1299,1298,1
3125,1301,1300,1
3126,1303,1302,1
3127,1305,1304,1
3128,1307,1306,1
3129,1309,1308,1
3130,1313,1312,1
3131,1315,1314,1
3132,1317,1316,1
3133,1321,1320,0
3134,1325,1324,1
3135,1331,1330,1
3136,1333,1332,1
3137,1335,1334,1
3138,1337,1336,1
3139,1339,1338,1
3140,1344,1343,1
3141,1346,1345,0
3142,1349,1348,0
3143,1351,1350,1
3144,1353,1352,0
3145,1354,1353,0
3146,1352,1354,0
3147,1356,1355,1
3148,1358,1357,0
3149,1362,1361,1
3150,1364,1363,0
3151,1366,1365,1
3152,1368,1367,1
3153,1370,1369,1
3154,1376,1375,1
3155,1377,1376,0
3156,1375,1377,0
3157,1379,1378,1
3158,1381,1380,1
3159,1383,1382,1
3160,1385,1384,1
3161,1387,1386,0
3162,1389,1388,1
3163,1391,1390,1
3164,1393,1392,1
3165,1395,1394,0
3166,1399,1398,1
3167,1404,1403,1
3168,1410,1409,1
3169,1412,1411,1
3170,1414,1413,0
3171,1416,1415,0
3172,1418,1417,1
3173,1420,1419,1
3174,1422,1421,1
3175,1424,1423,1
3176,1428,1427,1
3177,1430,1429,1
3178,1434,1433,0
3179,1439,1438,1
3180,1441,1440,1
3181,1445,1444,0
3182,1449,1448,1
3183,1451,1450,1
3184,1453,1452,1
3185,1455,1454,1
3186,1457,1456,1
3187,1459,1458,1
3188,1461,1460,1
3189,1463,1462,1
3190,1465,1464,1
3191,1469,1468,0
3192,1473,1472,1
3193,1475,1474,1
3194,1477,1476,1
3195,1479,1478,1
3196,1481,1480,0
3197,1483,1482,1
3198,1485,1484,1
3199,1487,1486,0
3200,1489,1488,1
3201,1491,1490,0
3202,1494,1493,1
3203,1496,1495,1
3204,1498,1497,1
3205,1500,1499,1
3206,1502,1501,0
3207,1504,1503,1
3208,1506,1505,0
3209,1511,1510,1
3210,1513,1512,0
3211,1519,1518,1
3212,1521,1520,1
3213,1523,1522,1
3214,1525,1524,1
3215,1527,1526,1
3216,1529,1528,1
3217,1537,1536,1
3218,1539,1538,0
3219,1543,1542,1
3220,1545,1544,0
3221,1547,1546,1
3222,1549,1548,1
3223,1555,1554,1
3224,1557,1556,1
3225,1559,1558,1
3226,1563,1562,1
3227,1565,1564,0
3228,1569,1568,1
3229,1571,1570,1
3230,1573,1572,0
3231,1575,1574,1
3232,1577,1576,1
3233,1579,1578,1
3234,1581,1580,1
3235,1583,1582,1
3236,1585,1584,1
3237,1587,1586,1
3238,1589,1588,1
3239,1591,1590,1
3240,1593,1592,1
3241,1595,1594,1
3242,1599,1598,1
3243,1603,1602,1
3244,1605,1604,1
3245,1607,1606,1
3246,1609,1608,1
3247,1613,1612,1
3248,1615,1614,1
3249,1619,1618,1
3250,1621,1620,1
3251,1625,1624,1
3252,1627,1626,1
3253,1629,1628,1
3254,1631,1630,1
3255,1632,1631,0
3256,1630,1632,0
3257,1634,1633,1
3258,1636,1635,1
3259,1638,1637,1
3260,1642,1641,0
3261,1646,1645,1
3262,1648,1647,0
3263,1651,1650,1
3264,1655,1654,1
3265,1661,1660,1
3266,1664,1663,1
3267,1666,1665,1
3268,1670,1669,1
3269,1672,1671,1
3270,1674,1673,0
3271,1675,1674,0
3272,1673,1675,0
3273,1677,1676,1
3274,1679,1678,1
3275,1681,1680,1
3276,1684,1683,1
3277,1686,1685,0
3278,1688,1687,1
3279,1690,1689,1
3280,1692,1691,0
3281,1696,1695,1
3282,1698,1697,1
3283,1700,1699,0
3284,1704,1703,0
3285,1707,1706,1
3286,1709,1708,1
3287,1711,1710,0
3288,1715,1714,1
3289,1717,1716,1
3290,1719,1718,0
3291,1721,1720,1
3292,1727,1726,1
3293,1729,1728,1
3294,1731,1730,1
3295,1733,1732,0
3296,1736,1735,1
3297,1738,1737,1
3298,1740,1739,1
3299,1746,1745,1
3300,1748,1747,1
3301,1750,1749,1
3302,1752,1751,1
3303,1754,1753,1
3304,1756,1755,1
3305,1758,1757,1
3306,1762,1761,1
3307,1764,1763,1
3308,1766,1765,0
3309,1768,1767,1
3310,1770,1769,1
3311,1772,1771,1
3312,1774,1773,1
3313,1776,1775,1
3314,1778,1777,1
3315,1782,1781,1
3316,1788,1787,1
3317,1790,1789,1
3318,1792,1791,1
3319,1793,1794,0
3320,1796,1795,1
3321,1798,1797,1
3322,1803,1802,1
3323,1805,1804,0
3324,1807,1806,1
3325,1809,1808,1
3326,1811,1810,1
3327,1813,1812,1
3328,1819,1818,0
3329,1821,1820,1
3330,1823,1822,1
3331,1825,1824,1
3332,1827,1826,1
3333,1829,1828,0
3334,1832,1831,1
3335,1834,1833,1
3336,1836,1835,1
3337,1838,1837,0
3338,1839,1838,0
3339,1837,1839,0
3340,1841,1840,1
3341,1845,1844,1
3342,1847,1846,1
3343,1849,1848,1
3344,1851,1850,1
3345,1853,1852,1
3346,1855,1854,1
3347,1860,1859,0
3348,1862,1861,1
3349,1864,1863,1
3350,1866,1865,1
3351,1868,1867,0
3352,1874,1873,0
3353,1880,1879,1
3354,1882,1881,1
3355,1884,1883,1
3356,1886,1885,1
3357,1888,1887,1
3358,1890,1889,0
3359,1892,1891,1
3360,1894,1893,1
3361,1896,1895,1
3362,1898,1897,1
3363,1902,1901,1
3364,1904,1903,1
3365,1906,1905,1
3366,1908,1907,1
3367,1912,1911,0
3368,1915,1914,1
3369,1917,1916,1
3370,1919,1918,1
3371,1923,1922,1
3372,1925,1924,1
3373,1928,1927,0
3374,1930,1929,1
3375,1938,1937,1
3376,1943,1942,1
3377,1946,1945,1
3378,1949,1948,1
3379,1952,1951,0
3380,1959,1958,0
3381,1964,1963,1
3382,1966,1965,0
3383,1976,1975,1
3384,1978,1977,0
3385,1984,1983,1
3386,1993,1992,1
3387,1995,1994,1
3388,1999,1998,1
3389,2001,2000,0
3390,2003,2002,0
3391,2007,2006,0
3392,2010,2009,1
3393,2013,2012,1
3394,2016,2015,0
3395,2019,2018,1
3396,2025,2024,1
3397,2034,2033,1
3398,2039,2038,0
3399,2043,2042,1
3400,2045,2044,0
3401,2048,2047,1
3402,2061,2060,0
3403,2065,2064,0
3404,2070,2069,0
3405,2072,2071,1
3406,2075,2074,0
3407,2078,2077,0
3408,2092,2091,0
3409,2103,2102,1
3410,2107,2106,1
3411,2109,2108,0
3412,2112,2111,1
3413,2114,2113,1
3414,2121,2120,1
3415,2123,2122,0
3416,2129,2128,1
3417,2131,2130,0
3418,2133,2132,0
3419,2136,2135,1
3420,2139,2138,0
3421,2145,2144,1
3422,2147,2146,1
3423,2149,2148,0
3424,2155,2154,0
3425,2159,2158,0
3426,2172,2171,0
3427,2177,2176,0
3428,2179,2178,0
3429,2185,2184,0
3430,2199,2198,1
3431,2208,2207,0
3432,2211,2210,1
3433,2214,2213,0
3434,2216,2215,0
3435,2218,2217,1
3436,2220,2219,0
3437,2223,2222,1
3438,2226,2225,1
3439,2231,2230,1
3440,2235,2234,0
3441,2237,2236,0
3442,2239,2238,0
3443,2248,2247,1
3444,2253,2252,0
3445,2255,2254,1
3446,2259,2258,0
3447,2262,2261,0
3448,2264,2263,1
3449,2275,2274,1
3450,2279,2278,0
3451,2289,2288,1
3452,2291,2290,1
3453,2295,2294,0
3454,2313,2312,0
3455,2315,2314,1
3456,2321,2320,0
3457,2343,2342,1
3458,2345,2344,1
3459,2349,2348,1
3460,2352,2351,1
3461,2356,2355,0
3462,2360,2359,1
3463,2362,2361,0
3464,2365,2364,0
3465,2368,2367,1
3466,2370,2369,0
3467,2372,2371,1
3468,2375,2374,0
3469,2377,2376,0
3470,2380,2379,0
3471,2386,2385,0
3472,2388,2387,0
3473,2391,2390,0
3474,2423,2422,1
3475,2425,2424,1
3476,2442,2441,1
3477,2444,2443,0
3478,2446,2445,0
3479,2455,2454,1
3480,2467,2466,1
3481,2472,2471,1
3482,2491,2490,1
3483,2493,2492,1
3484,2500,2499,0
3485,2502,2501,0
3486,2504,2503,0
3487,2507,2506,1
3488,2521,2520,1
3489,2522,2521,1
3490,2529,2528,1
3491,2535,2534,1
3492,2589,2588,0
3493,2594,2593,1
3494,2596,2595,1
3495,2610,2609,1
3496,2616,2615,1
3497,2631,2630,0
3498,2652,2651,0
3499,2662,2661,1
3500,2664,2663,1
3501,2681,2680,1
3502,2699,2698,1
3503,2703,2702,1
3504,2719,2718,1
3505,2722,2721,1
3506,2735,2734,1
