id,current,real_power_from,reactive_power_from,real_power_to,reactive_power_to,resistance,reactance,susceptance,rateA,rateB,rateC,ratio,angle,angmin,angmax
1,12.0198054991476,9.553968504490324,0.0,-9.553968504490324,0.0,0.02,0.06,0.03,130.0,130.0,130.0,0.0,0.0,-360.0,360.0
2,15.627368075096,23.530000000000058,0.0,-23.530000000000058,0.0,0.05,0.19,0.02,130.0,130.0,130.0,0.0,0.0,-360.0,360.0
3,16.889755935607,22.3831524251806,0.0,-22.3831524251806,0.0,0.06,0.17,0.02,65.0,65.0,65.0,0.0,0.0,-360.0,360.0
4,13.5242723441778,-2.057700000000001,0.0,2.057700000000001,0.0,0.01,0.04,0.0,130.0,130.0,130.0,0.0,0.0,-360.0,360.0
5,14.5092415137559,14.803410023219815,0.0,-14.803410023219815,0.0,0.05,0.2,0.02,130.0,130.0,130.0,0.0,0.0,-360.0,360.0
6,21.5907453006861,24.20840005159959,0.0,-24.20840005159959,0.0,0.06,0.18,0.02,65.0,65.0,65.0,0.0,0.0,-360.0,360.0
7,25.7277268257728,13.8094024251806,0.0,-13.8094024251806,0.0,0.01,0.04,0.0,90.0,90.0,90.0,0.0,0.0,-360.0,360.0
8,15.2954491925585,14.803410023219815,0.0,-14.803410023219815,0.0,0.05,0.12,0.01,70.0,70.0,70.0,0.0,0.0,-360.0,360.0
9,10.0660487775312,4.744739976780179,0.0,-4.744739976780179,0.0,0.03,0.08,0.01,130.0,130.0,130.0,0.0,0.0,-360.0,360.0
10,35.7860498026619,18.702568979305482,0.0,-18.702568979305482,0.0,0.01,0.04,0.0,32.0,32.0,32.0,0.0,0.0,-360.0,360.0
11,6.87594883191764,9.272132240441989,0.0,-9.272132240441989,0.0,0.0,0.21,0.0,65.0,65.0,65.0,0.0,0.0,-360.0,360.0
12,3.92911361972474,5.298361280252566,0.0,-5.298361280252566,0.0,0.0,0.56,0.0,32.0,32.0,32.0,0.0,0.0,-360.0,360.0
13,0.0,0.0,0.0,-0.0,0.0,0.0,0.21,0.0,65.0,65.0,65.0,0.0,0.0,-360.0,360.0
14,6.87594883948324,9.272132240441993,0.0,-9.272132240441993,0.0,0.0,0.11,0.0,65.0,65.0,65.0,0.0,0.0,-360.0,360.0
15,2.67716230266944,-10.018997961129477,0.0,10.018997961129477,0.0,0.0,0.26,0.0,65.0,65.0,65.0,0.0,0.0,-360.0,360.0
16,38.7025557415843,-12.838749999999996,0.0,12.838749999999996,0.0,0.0,0.14,0.0,65.0,65.0,65.0,0.0,0.0,-360.0,360.0
17,5.53951817923525,1.8024745762711858,0.0,-1.8024745762711858,0.0,0.12,0.26,0.0,32.0,32.0,32.0,0.0,0.0,-360.0,360.0
18,9.67712849048735,-2.2304745762711873,0.0,2.2304745762711873,0.0,0.07,0.13,0.0,32.0,32.0,32.0,0.0,0.0,-360.0,360.0
19,9.40079112557654,3.158749999999998,0.0,-3.158749999999998,0.0,0.09,0.2,0.0,32.0,32.0,32.0,0.0,0.0,-360.0,360.0
20,1.19493176060535,-3.793025423728814,0.0,3.793025423728814,0.0,0.22,0.2,0.0,16.0,16.0,16.0,0.0,0.0,-360.0,360.0
21,6.19189588976238,24.161250000000006,0.0,-24.161250000000006,0.0,0.08,0.19,0.0,16.0,16.0,16.0,0.0,0.0,-360.0,360.0
22,9.38150942632964,2.888,0.0,-2.888,0.0,0.11,0.22,0.0,16.0,16.0,16.0,0.0,0.0,-360.0,360.0
23,6.06880465019552,8.609601843063087,0.0,-8.609601843063087,0.0,0.06,0.13,0.0,16.0,16.0,16.0,0.0,0.0,-360.0,360.0
24,5.44802982559603,-8.145062500000014,0.0,8.145062500000014,0.0,0.03,0.07,0.0,32.0,32.0,32.0,0.0,0.0,-360.0,360.0
25,7.62780440620251,10.031287499999992,0.0,-10.031287499999992,0.0,0.09,0.21,0.0,32.0,32.0,32.0,0.0,0.0,-360.0,360.0
26,8.83048279194884,7.716374999999983,0.0,-7.716374999999983,0.0,0.03,0.08,0.0,32.0,32.0,32.0,0.0,0.0,-360.0,360.0
27,12.0671235322717,-3.8433764453992185,0.0,3.8433764453992185,0.0,0.03,0.07,0.0,32.0,32.0,32.0,0.0,0.0,-360.0,360.0
28,9.42354801290393,-4.306567533906208,0.0,4.306567533906208,0.0,0.07,0.15,0.0,32.0,32.0,32.0,0.0,0.0,-360.0,360.0
29,30.512315606976,-18.847438945399293,0.0,18.847438945399293,0.0,0.01,0.02,0.0,32.0,32.0,32.0,0.0,0.0,-360.0,360.0
30,10.4575711756098,-16.312000000000005,0.0,16.312000000000005,0.0,0.1,0.2,0.0,16.0,16.0,16.0,0.0,0.0,-360.0,360.0
31,8.07606706204184,-1.564006479305547,0.0,1.564006479305547,0.0,0.12,0.18,0.0,16.0,16.0,16.0,0.0,0.0,-360.0,360.0
32,7.14024449388518,7.47186860646327,0.0,-7.47186860646327,0.0,0.13,0.27,0.0,16.0,16.0,16.0,0.0,0.0,-360.0,360.0
33,4.29126379170297,-9.023168979305545,0.0,9.023168979305545,0.0,0.19,0.33,0.0,16.0,16.0,16.0,0.0,0.0,-360.0,360.0
34,4.30786208592934,3.000812499999999,0.0,-3.000812499999999,0.0,0.25,0.38,0.0,16.0,16.0,16.0,0.0,0.0,-360.0,360.0
35,7.54158526567516,-12.023981479305546,0.0,12.023981479305546,0.0,0.11,0.21,0.0,16.0,16.0,16.0,0.0,0.0,-360.0,360.0
36,8.84887802458799,-7.018681020694512,0.0,7.018681020694512,0.0,0.0,0.4,0.0,65.0,65.0,65.0,0.0,0.0,-360.0,360.0
37,6.39943502552689,6.040816326530614,0.0,-6.040816326530614,0.0,0.22,0.42,0.0,16.0,16.0,16.0,0.0,0.0,-360.0,360.0
38,7.31660240824338,11.145874999999998,0.0,-11.145874999999998,0.0,0.32,0.6,0.0,16.0,16.0,16.0,0.0,0.0,-360.0,360.0
39,3.81205958985773,-2.057700000000002,0.0,2.057700000000002,0.0,0.24,0.45,0.0,16.0,16.0,16.0,0.0,0.0,-360.0,360.0
40,8.4035734516675,-7.018681020694512,0.0,7.018681020694512,0.0,0.06,0.2,0.02,32.0,32.0,32.0,0.0,0.0,-360.0,360.0
41,2.88491555524563,0.28772293582459096,0.0,-0.28772293582459096,0.0,0.02,0.06,0.01,32.0,32.0,32.0,0.0,0.0,-360.0,360.0
