id,from_node_id,to_node_id,status
1,7,8,0
2,26,28,0
3,27,29,0
4,39,41,0
5,42,45,0
6,54,56,0
7,89,91,0
8,90,92,0
9,124,127,0
10,148,149,0
11,154,156,1
12,155,157,1
13,168,170,1
14,182,183,1
15,189,191,0
16,2726,156,1
17,2726,157,1
18,2727,67,1
19,2725,75,1
20,2725,104,1
21,126,2724,1
22,2728,147,1
23,2728,148,1
24,2729,47,1
25,2729,48,1
26,81,2723,1
27,42,23,0
28,26,89,0
29,27,90,0
30,145,30,0
31,134,33,0
32,133,20,1
33,163,21,0
34,40,108,0
35,39,90,0
36,177,82,0
37,202,164,0
38,193,164,0
39,192,163,0
40,206,166,0
41,42,10,0
42,197,18,0
43,99,54,1
44,161,81,0
45,44,9,0
46,184,149,0
47,120,56,1
48,29,92,1
49,28,122,0
50,25,191,0
51,119,63,1
52,121,63,1
53,81,31,1
54,91,28,0
55,12,4,0
56,30,11,1
57,24,4,0
58,17,7,0
59,21,10,1
60,26,5,0
61,17,3,1
62,26,19,0
63,27,20,0
64,13,6,0
65,13,12,0
66,32,13,0
67,23,11,0
68,33,5,0
69,19,4,1
70,26,1,1
71,27,2,1
72,27,24,0
73,25,9,0
74,28,25,0
75,14,29,1
76,8,15,1
77,8,14,1
78,31,29,0
79,62,58,1
80,60,55,0
81,66,34,0
82,50,34,1
83,58,42,1
84,59,43,0
85,59,34,1
86,67,51,1
87,51,38,1
88,36,55,0
89,37,35,0
90,54,37,0
91,66,36,0
92,66,65,1
93,61,42,1
94,62,43,1
95,61,39,0
96,60,40,0
97,46,39,0
98,49,45,0
99,57,53,0
100,41,57,0
101,63,57,1
102,47,64,1
103,52,44,0
104,95,124,0
105,74,105,0
106,105,93,0
107,78,84,1
108,130,129,0
109,106,130,0
110,90,130,0
111,99,118,0
112,80,112,0
113,115,100,0
114,125,73,0
115,107,89,0
116,117,78,1
117,118,77,0
118,78,75,1
119,77,72,0
120,113,77,0
121,102,71,0
122,109,116,1
123,90,68,0
124,85,89,0
125,128,86,0
126,131,75,1
127,132,76,1
128,101,76,1
129,124,103,0
130,125,110,0
131,103,83,1
132,104,94,0
133,111,79,0
134,88,77,0
135,116,107,1
136,108,98,1
137,115,78,0
138,106,87,0
139,97,78,1
140,116,77,0
141,82,96,0
142,123,117,0
143,123,109,1
144,99,70,1
145,100,69,1
146,92,126,0
147,81,126,0
148,121,114,1
149,122,120,1
150,114,127,1
151,172,155,0
152,173,154,0
153,175,154,1
154,176,155,1
155,175,143,1
156,164,139,0
157,136,154,1
158,169,172,0
159,151,173,0
160,153,155,0
161,135,136,0
162,147,142,0
163,152,180,0
164,152,179,0
165,174,146,1
166,174,168,0
167,168,139,1
168,169,166,1
169,168,151,0
170,145,134,0
171,146,133,0
172,163,146,1
173,164,145,1
174,153,142,0
175,158,147,1
176,148,140,1
177,167,140,1
178,167,158,1
179,175,135,1
180,177,176,0
181,180,172,0
182,156,137,1
183,162,138,0
184,160,161,0
185,170,150,0
186,187,192,0
187,196,202,0
188,188,207,0
189,190,193,0
190,192,181,1
191,201,203,0
192,189,200,0
193,207,182,1
194,199,183,0
195,185,191,0
196,194,186,1
197,204,198,0
198,185,204,1
199,186,205,1
200,393,1,0
201,394,2,0
202,246,245,0
203,246,29,1
204,248,3,1
205,249,3,1
206,276,4,1
207,277,5,0
208,342,6,0
209,342,6,0
210,343,9,0
211,354,10,0
212,355,11,0
213,356,12,0
214,361,14,0
215,369,15,0
216,386,17,1
217,385,18,1
218,391,19,1
219,392,20,0
220,398,21,0
221,399,21,1
222,404,23,0
223,405,23,0
224,406,24,1
225,407,24,1
226,413,25,0
227,465,30,0
228,489,31,1
229,490,31,1
230,545,32,0
231,574,33,0
232,575,33,0
233,588,34,0
234,588,34,0
235,593,35,0
236,613,37,0
237,617,38,0
238,665,42,0
239,667,46,0
240,669,48,1
241,696,49,0
242,697,49,0
243,715,50,1
244,731,53,0
245,734,52,0
246,741,55,1
247,759,60,0
248,758,60,0
249,769,61,0
250,768,62,0
251,778,63,0
252,779,64,0
253,807,65,1
254,832,67,1
255,854,68,0
256,884,71,0
257,901,74,0
258,1001,81,0
259,1002,81,0
260,1091,82,0
261,1092,82,0
262,1114,83,0
263,1113,84,1
264,1187,87,0
265,1188,88,0
266,1233,93,0
267,1232,94,1
268,1247,95,0
269,1255,99,0
270,1254,100,0
271,1286,101,0
272,1285,102,0
273,1288,103,1
274,1363,104,0
275,1351,105,0
276,1353,106,0
277,1388,107,1
278,1394,109,0
279,1432,110,0
280,1569,112,0
281,1629,114,0
282,1631,114,0
283,1674,115,0
284,1684,118,0
285,1790,119,1
286,1792,121,0
287,1793,122,0
288,1818,123,0
289,1838,124,0
290,1837,125,0
291,1858,128,0
292,1859,129,0
293,1929,133,0
294,1950,135,1
295,1951,135,1
296,1974,136,1
297,1976,137,0
298,1977,138,0
299,1982,139,0
300,2008,140,1
301,2014,142,0
302,2015,142,1
303,2076,143,0
304,2077,143,1
305,2092,145,0
306,2091,146,0
307,2093,2091,1
308,2093,146,0
309,2103,147,1
310,2145,151,0
311,2153,152,0
312,2154,153,0
313,2170,155,1
314,2171,154,1
315,2177,158,1
316,2178,158,1
317,2209,160,0
318,2212,161,0
319,2213,161,0
320,2214,163,0
321,2233,166,1
322,2234,166,0
323,2235,167,1
324,2236,167,1
325,2238,169,1
326,2237,170,1
327,2238,170,1
328,2251,172,0
329,2252,173,0
330,2257,174,0
331,2319,175,1
332,2320,176,1
333,2423,177,0
334,2445,180,0
335,2444,180,0
336,2466,181,1
337,2489,184,1
338,2498,185,0
339,2499,186,0
340,2502,188,0
341,2503,187,0
342,2519,189,1
343,2521,190,1
344,2520,191,0
345,2527,192,1
346,2528,193,1
347,2593,195,0
348,2594,196,1
349,2595,197,1
350,2660,198,0
351,2680,201,0
352,2679,200,0
353,2697,202,0
354,2697,203,0
355,2717,204,1
356,2718,204,1
357,2720,206,1
358,2721,207,1
359,2584,349,0
360,2082,292,0
361,2117,315,1
362,1928,419,0
363,2064,220,0
364,2377,523,0
365,1263,242,1
366,1273,439,0
367,676,380,0
368,628,405,0
369,774,463,0
370,828,1279,0
371,677,1575,0
372,741,1654,0
373,767,1361,0
374,1738,597,0
375,2203,1149,0
376,2416,1148,0
377,2422,984,0
378,2651,2152,0
379,2485,2357,0
380,2686,2011,0
381,2672,2214,1
382,2608,2215,0
383,2613,2214,1
384,2561,2091,0
385,2559,1933,0
386,2578,2215,1
387,1688,790,0
388,2648,2202,0
389,664,452,0
390,1291,2074,0
391,523,1213,1
392,664,463,0
393,665,252,0
394,510,1017,0
395,2533,2388,0
396,762,380,0
397,710,333,0
398,695,452,0
399,2551,254,0
400,2584,240,0
401,728,479,0
402,828,1668,0
403,1768,709,0
404,1706,709,0
405,1592,740,0
406,760,333,0
407,2670,372,0
408,2456,336,0
409,665,470,1
410,712,448,0
411,2539,2331,0
412,658,1021,0
413,2583,2388,1
414,2580,347,0
415,1519,2134,0
416,428,356,0
417,317,219,0
418,565,518,1
419,427,565,1
420,565,569,0
421,346,342,1
422,345,343,0
423,388,342,1
424,476,343,0
425,261,404,0
426,262,405,0
427,459,343,0
428,480,404,0
429,518,459,0
430,426,348,0
431,370,239,0
432,425,237,1
433,480,273,0
434,462,450,0
435,465,253,0
436,288,276,1
437,303,277,0
438,330,392,0
439,331,330,0
440,334,259,1
441,376,277,0
442,577,430,1
443,389,315,1
444,338,238,0
445,385,327,0
446,386,373,1
447,373,289,1
448,390,354,0
449,418,374,1
450,535,465,0
451,585,328,0
452,465,222,0
453,464,478,0
454,454,426,0
455,291,402,1
456,491,455,0
457,536,294,0
458,272,320,0
459,320,352,0
460,568,517,0
461,210,354,0
462,210,361,0
463,550,354,0
464,559,503,0
465,560,504,1
466,504,494,1
467,495,355,0
468,545,357,0
469,533,355,0
470,527,354,0
471,543,532,1
472,537,563,1
473,491,354,0
474,492,354,0
475,537,526,0
476,540,550,0
477,538,537,1
478,539,536,1
479,560,544,0
480,560,501,0
481,540,503,0
482,518,343,0
483,567,275,0
484,528,275,0
485,342,274,1
486,339,274,1
487,536,339,1
488,552,340,0
489,541,496,1
490,496,563,1
491,533,563,0
492,356,362,0
493,519,362,0
494,351,507,0
495,559,351,0
496,546,272,0
497,504,421,1
498,354,579,0
499,356,516,0
500,525,545,0
501,532,527,0
502,547,492,0
503,507,580,0
504,543,536,0
505,552,501,0
506,549,532,1
507,549,536,1
508,534,533,1
509,537,534,1
510,519,580,0
511,352,508,0
512,521,579,0
513,520,515,0
514,560,546,0
515,559,219,0
516,537,505,0
517,502,340,0
518,505,502,0
519,544,518,0
520,551,517,0
521,548,404,0
522,526,405,0
523,517,497,0
524,518,402,1
525,545,542,0
526,342,567,1
527,530,524,0
528,422,531,1
529,551,528,0
530,508,361,0
531,470,333,1
532,358,296,0
533,411,344,0
534,584,466,0
535,522,427,1
536,411,252,0
537,466,450,0
538,381,239,1
539,416,381,1
540,253,231,0
541,423,231,0
542,451,450,0
543,522,436,1
544,557,437,0
545,529,522,1
546,484,211,1
547,428,424,0
548,425,386,1
549,513,239,0
550,385,383,1
551,570,383,1
552,556,553,0
553,476,293,0
554,420,348,0
555,382,385,0
556,420,382,0
557,386,384,0
558,384,338,0
559,557,338,0
560,500,338,0
561,318,374,1
562,390,222,0
563,267,424,0
564,267,423,0
565,558,211,1
566,559,497,0
567,529,484,1
568,454,239,0
569,293,282,0
570,358,345,0
571,450,296,0
572,513,318,0
573,498,239,1
574,452,451,0
575,319,317,0
576,570,396,1
577,553,396,0
578,584,500,0
579,244,385,1
580,364,244,1
581,344,475,0
582,498,291,1
583,416,374,1
584,294,404,0
585,455,405,0
586,281,388,0
587,324,314,1
588,313,276,1
589,321,307,1
590,435,276,0
591,511,277,0
592,332,276,1
593,306,241,0
594,311,241,1
595,481,311,1
596,308,312,1
597,583,310,1
598,308,583,1
599,574,310,1
600,566,329,1
601,300,566,1
602,574,566,1
603,445,309,0
604,445,392,0
605,575,481,1
606,574,446,1
607,392,236,1
608,314,236,1
609,325,309,1
610,337,277,0
611,326,309,1
612,329,326,1
613,337,306,0
614,312,300,1
615,471,259,1
616,446,471,1
617,313,307,1
618,229,574,1
619,287,276,1
620,391,287,1
621,391,350,1
622,230,575,1
623,512,313,1
624,332,322,1
625,512,322,1
626,429,350,1
627,469,392,1
628,469,324,1
629,391,321,1
630,305,391,1
631,295,391,1
632,295,305,1
633,575,389,1
634,511,314,0
635,574,435,0
636,301,575,1
637,486,406,0
638,431,258,1
639,443,431,1
640,415,407,1
641,482,465,0
642,586,218,0
643,586,359,0
644,573,331,0
645,284,234,0
646,576,467,0
647,573,449,1
648,449,419,1
649,397,419,0
650,573,299,0
651,447,299,0
652,489,456,0
653,456,447,0
654,375,288,1
655,379,486,0
656,457,375,1
657,499,458,0
658,278,467,0
659,444,485,1
660,487,444,1
661,488,486,0
662,464,328,0
663,433,376,0
664,443,438,0
665,485,223,1
666,473,407,0
667,473,223,1
668,509,490,0
669,489,243,1
670,441,394,1
671,393,232,0
672,442,264,1
673,394,212,1
674,233,379,0
675,403,363,0
676,232,213,0
677,415,212,1
678,581,433,0
679,581,448,0
680,578,213,0
681,359,273,0
682,409,406,0
683,464,228,0
684,409,393,0
685,304,487,1
686,394,264,1
687,393,265,0
688,234,245,0
689,441,245,0
690,283,265,0
691,394,561,1
692,561,257,1
693,227,499,0
694,221,278,1
695,523,490,1
696,335,328,0
697,573,576,0
698,233,363,0
699,218,482,0
700,479,403,0
701,572,523,0
702,572,278,0
703,401,412,0
704,399,395,1
705,400,365,0
706,414,366,1
707,412,268,0
708,562,297,0
709,562,268,0
710,562,460,0
711,315,298,1
712,263,237,1
713,378,263,1
714,468,413,0
715,224,468,0
716,400,251,0
717,434,371,0
718,472,395,1
719,472,418,1
720,461,298,1
721,585,297,0
722,483,240,0
723,417,398,1
724,432,398,0
725,269,400,0
726,399,368,1
727,413,367,0
728,410,360,1
729,370,237,0
730,582,240,0
731,432,412,0
732,371,235,1
733,235,237,1
734,298,292,1
735,414,360,1
736,413,400,0
737,434,413,0
738,414,398,1
739,483,336,0
740,535,269,0
741,349,378,0
742,478,251,0
743,582,224,0
744,417,410,1
745,216,214,1
746,226,369,0
747,226,208,0
748,270,226,0
749,279,217,1
750,514,279,1
751,256,255,1
752,571,327,0
753,373,323,0
754,225,289,1
755,377,247,0
756,477,248,1
757,474,209,1
758,280,327,0
759,249,247,1
760,256,249,1
761,217,214,1
762,571,555,0
763,555,302,0
764,474,440,1
765,554,248,0
766,408,372,0
767,477,209,1
768,387,353,1
769,290,217,1
770,260,250,1
771,462,208,0
772,271,250,1
773,377,271,1
774,453,271,1
775,327,323,0
776,506,260,1
777,408,289,0
778,555,238,0
779,353,290,0
780,254,554,0
781,255,387,1
782,271,440,1
783,341,214,1
784,493,214,1
785,316,270,0
786,316,341,1
787,369,302,0
788,369,217,1
789,215,369,1
790,249,225,1
791,514,280,0
792,215,216,1
793,564,245,0
794,564,285,0
795,564,266,0
796,286,561,1
797,357,355,0
798,604,839,0
799,794,626,0
800,764,590,0
801,835,605,0
802,723,598,0
803,783,730,0
804,737,731,0
805,632,629,0
806,731,729,0
807,724,617,0
808,736,730,0
809,736,731,0
810,751,680,0
811,796,603,0
812,624,594,0
813,698,823,0
814,793,624,0
815,834,641,1
816,746,745,0
817,746,621,0
818,789,587,0
819,774,621,0
820,746,662,0
821,720,662,0
822,748,720,0
823,592,748,0
824,704,588,0
825,704,700,0
826,703,700,0
827,829,703,0
828,829,587,0
829,608,587,0
830,608,605,0
831,786,696,0
832,787,786,0
833,789,787,0
834,789,590,0
835,803,590,0
836,803,595,0
837,697,683,0
838,683,595,0
839,724,595,0
840,692,696,0
841,705,692,0
842,691,690,0
843,702,690,0
844,697,686,0
845,701,684,0
846,696,693,0
847,699,693,0
848,701,699,0
849,697,682,0
850,682,653,0
851,760,653,0
852,710,602,0
853,602,601,0
854,695,601,0
855,738,696,0
856,705,588,0
857,702,696,0
858,702,697,0
859,702,588,0
860,685,587,0
861,824,601,0
862,824,823,0
863,685,588,0
864,686,684,0
865,726,605,0
866,823,738,0
867,697,693,0
868,702,691,0
869,695,638,0
870,646,638,0
871,824,646,0
872,638,601,0
873,746,650,0
874,592,588,0
875,747,748,0
876,726,747,0
877,630,696,0
878,604,745,0
879,691,705,0
880,764,617,0
881,719,642,0
882,764,618,0
883,764,675,0
884,715,675,0
885,813,714,0
886,813,598,0
887,836,714,1
888,837,832,1
889,837,836,1
890,832,715,1
891,832,817,0
892,719,681,0
893,834,715,0
894,617,610,0
895,618,611,0
896,755,719,0
897,755,603,0
898,751,755,0
899,708,618,0
900,826,708,0
901,618,612,0
902,617,615,0
903,620,615,0
904,620,612,0
905,820,816,0
906,642,647,0
907,647,794,0
908,599,598,0
909,814,599,0
910,826,698,0
911,635,832,1
912,634,635,1
913,749,634,1
914,819,749,1
915,832,819,1
916,648,832,1
917,754,755,0
918,750,754,0
919,756,750,0
920,755,756,0
921,711,755,0
922,711,755,0
923,816,681,0
924,817,816,0
925,794,814,0
926,637,593,0
927,795,689,0
928,689,687,0
929,784,687,0
930,808,773,0
931,807,723,0
932,807,783,0
933,808,631,0
934,631,627,0
935,737,627,0
936,626,773,1
937,707,706,0
938,812,807,0
939,727,649,0
940,649,613,0
941,707,613,0
942,707,614,0
943,800,775,0
944,778,775,0
945,808,594,1
946,777,594,0
947,782,594,0
948,782,776,0
949,776,766,0
950,781,778,0
951,779,652,0
952,721,652,0
953,721,614,0
954,753,707,0
955,740,632,0
956,801,741,1
957,741,716,0
958,716,614,0
959,791,594,1
960,791,767,1
961,809,593,0
962,809,671,0
963,669,591,0
964,792,591,0
965,688,792,0
966,671,633,0
967,659,633,0
968,722,659,0
969,815,613,0
970,781,763,0
971,821,796,1
972,833,821,0
973,833,792,1
974,779,593,0
975,808,641,1
976,727,811,0
977,815,636,0
978,818,636,0
979,818,631,0
980,804,792,1
981,706,614,0
982,779,680,0
983,732,753,0
984,732,740,0
985,680,637,0
986,779,763,0
987,766,763,0
988,801,632,1
989,669,609,1
990,811,812,0
991,804,793,1
992,609,591,1
993,668,671,0
994,670,668,0
995,835,808,0
996,589,737,0
997,661,732,0
998,800,777,0
999,672,670,0
1000,658,722,0
1001,729,661,0
1002,669,672,0
1003,796,688,0
1004,795,778,0
1005,784,626,1
1006,597,722,0
1007,669,639,0
1008,839,768,0
1009,771,769,0
1010,771,770,0
1011,770,744,0
1012,743,679,0
1013,679,665,0
1014,768,761,0
1015,772,761,0
1016,772,765,0
1017,645,622,0
1018,665,622,0
1019,768,616,0
1020,752,616,0
1021,762,752,0
1022,830,788,0
1023,830,600,0
1024,802,768,0
1025,769,640,0
1026,806,640,0
1027,806,802,0
1028,600,802,0
1029,798,600,0
1030,798,673,0
1031,674,673,0
1032,802,730,0
1033,802,663,0
1034,735,663,0
1035,735,731,0
1036,730,694,0
1037,733,730,0
1038,733,730,0
1039,734,733,0
1040,622,596,0
1041,822,664,0
1042,822,713,0
1043,713,628,0
1044,810,600,0
1045,827,810,0
1046,827,667,0
1047,717,667,0
1048,728,717,0
1049,654,667,0
1050,656,655,0
1051,758,655,0
1052,657,667,0
1053,678,657,0
1054,666,678,0
1055,758,717,0
1056,825,759,0
1057,825,644,0
1058,643,644,0
1059,759,718,0
1060,718,619,0
1061,785,619,0
1062,785,606,0
1063,607,606,0
1064,839,694,0
1065,761,757,0
1066,780,769,0
1067,780,757,0
1068,838,600,0
1069,838,797,0
1070,797,739,0
1071,762,623,0
1072,805,607,0
1073,629,805,0
1074,742,606,0
1075,742,831,0
1076,831,677,0
1077,712,596,0
1078,676,674,0
1079,788,769,0
1080,802,725,0
1081,742,660,0
1082,830,799,0
1083,739,799,0
1084,759,651,0
1085,743,744,0
1086,656,654,0
1087,643,790,0
1088,765,645,0
1089,651,666,0
1090,625,831,0
1091,1858,1273,0
1092,1272,1273,0
1093,984,1492,0
1094,983,984,0
1095,1017,986,0
1096,1016,1017,0
1097,1021,1360,0
1098,1020,1021,0
1099,1144,900,0
1100,1600,1348,0
1101,901,1600,0
1102,1599,1600,0
1103,1327,1247,0
1104,1717,1327,1
1105,1325,1327,1
1106,1328,1246,0
1107,1718,1328,0
1108,1326,1328,0
1109,1888,1630,0
1110,1629,1301,1
1111,1014,884,0
1112,1013,885,0
1113,1217,1632,1
1114,1351,1217,1
1115,1216,1217,1
1116,898,1412,0
1117,1859,898,0
1118,898,896,0
1119,1264,1413,0
1120,1560,1206,1
1121,1056,1560,1
1122,1351,1056,1
1123,1559,1560,1
1124,1056,1055,1
1125,1711,975,1
1126,1353,1711,1
1127,1711,1709,1
1128,1712,976,1
1129,1353,1712,1
1130,1712,1710,1
1131,1888,1364,0
1132,1674,1307,0
1133,1673,1851,1
1134,1321,1180,1
1135,1590,1321,1
1136,1321,1319,1
1137,1322,928,0
1138,1766,1322,0
1139,1322,1320,0
1140,1353,840,1
1141,1352,841,0
1142,1421,1007,1
1143,992,1008,1
1144,1353,992,1
1145,992,991,1
1146,1397,1233,1
1147,1463,1337,0
1148,1494,1781,1
1149,1667,1863,0
1150,1010,1667,0
1151,1666,1667,0
1152,1440,1771,1
1153,1387,1293,0
1154,1222,1449,0
1155,1068,990,1
1156,1746,1502,0
1157,1119,1432,0
1158,1497,1432,0
1159,1588,1313,0
1160,1750,962,0
1161,1750,1332,0
1162,1336,1247,0
1163,1889,1004,0
1164,1483,1267,0
1165,1568,1267,0
1166,1803,1015,1
1167,1211,1013,1
1168,848,1804,0
1169,1013,1690,0
1170,1886,939,0
1171,879,1215,0
1172,1175,1714,1
1173,1013,1175,1
1174,1174,1175,1
1175,1690,1224,0
1176,1208,970,0
1177,1487,1645,1
1178,1738,1805,0
1179,1739,960,1
1180,1554,1388,0
1181,1209,884,0
1182,1201,885,1
1183,1866,884,1
1184,1867,885,1
1185,1749,1791,1
1186,1078,1790,1
1187,1544,1429,0
1188,1125,1102,0
1189,1129,1125,0
1190,1858,1129,0
1191,1123,1125,0
1192,1127,1129,0
1193,985,855,0
1194,1262,1234,0
1195,1365,1135,0
1196,1858,1204,0
1197,1859,1134,0
1198,1242,854,0
1199,1510,1262,0
1200,903,1234,0
1201,1279,1205,0
1202,1610,1130,0
1203,1859,1610,0
1204,1610,1609,0
1205,1128,1131,0
1206,1858,1128,0
1207,1126,1128,0
1208,1124,855,0
1209,1101,1124,0
1210,1122,1124,0
1211,1919,854,0
1212,1920,855,0
1213,1676,854,0
1214,1234,1740,0
1215,1235,1741,0
1216,1573,1416,0
1217,1553,1416,0
1218,1870,1417,0
1219,1869,1870,0
1220,1450,1869,0
1221,1553,1870,0
1222,1222,1869,0
1223,1918,1294,0
1224,1858,1133,0
1225,1132,854,0
1226,1623,855,0
1227,1689,1278,0
1228,1917,1689,0
1229,1688,1669,0
1230,1720,1484,0
1231,1879,1263,0
1232,1364,1311,0
1233,1312,897,0
1234,1719,1003,0
1235,1567,1509,0
1236,1263,1212,1
1237,1858,1636,0
1238,1878,1243,0
1239,950,1235,0
1240,1858,950,0
1241,949,950,0
1242,1858,902,0
1243,1265,1859,0
1244,1859,1574,0
1245,1639,1624,0
1246,1637,1639,0
1247,1638,1639,0
1248,1235,1675,0
1249,1449,1553,0
1250,957,854,0
1251,958,855,0
1252,1248,933,1
1253,1902,932,1
1254,1249,851,1
1255,934,1695,0
1256,1285,1221,0
1257,1819,1285,0
1258,1047,935,0
1259,1662,1024,0
1260,1871,1428,0
1261,1812,1871,0
1262,1695,1811,0
1263,1926,1725,0
1264,1408,1314,0
1265,1426,846,1
1266,1048,1410,0
1267,1715,1286,0
1268,1747,1694,0
1269,1820,847,1
1270,1025,1286,0
1271,1496,1695,0
1272,1220,1569,0
1273,1887,1014,0
1274,1240,1014,1
1275,1814,1570,1
1276,853,1814,1
1277,1813,1814,1
1278,1884,1225,0
1279,1753,1884,0
1280,1606,1285,0
1281,1926,1285,0
1282,1841,1812,0
1283,1607,1927,0
1284,1285,1027,0
1285,1663,1927,0
1286,1249,1716,0
1287,1885,1569,0
1288,1015,1569,0
1289,1014,1570,1
1290,1248,1569,0
1291,1428,1118,0
1292,1026,1427,1
1293,1831,1726,0
1294,1409,1605,0
1295,1830,1608,0
1296,1241,1903,1
1297,1411,1286,0
1298,1694,1285,0
1299,1752,879,0
1300,1015,1383,0
1301,1384,969,0
1302,1286,989,0
1303,944,1006,0
1304,967,944,0
1305,942,944,0
1306,1640,1335,0
1307,952,1640,0
1308,1539,952,0
1309,1594,1539,0
1310,951,952,0
1311,1537,1539,0
1312,1482,1067,1
1313,1756,1363,0
1314,1868,921,1
1315,1891,1868,1
1316,1912,1868,1
1317,865,1912,1
1318,1910,1912,1
1319,856,1115,0
1320,1587,1287,0
1321,1433,1545,1
1322,1433,1194,1
1323,1195,921,1
1324,1850,1432,1
1325,1200,1432,1
1326,1585,1200,1
1327,1200,1198,1
1328,1433,1186,1
1329,1515,1170,0
1330,1099,1515,0
1331,1185,1099,0
1332,1515,1513,0
1333,1099,1097,0
1334,1406,1630,1
1335,1451,1406,1
1336,1404,1406,1
1337,1083,1629,1
1338,868,1083,1
1339,1081,1083,1
1340,1415,1630,0
1341,1414,1629,0
1342,1631,1761,0
1343,1670,1718,0
1344,1190,1232,1
1345,1378,1477,0
1346,1809,1794,0
1347,1436,1619,0
1348,1641,1436,0
1349,1434,1436,0
1350,1836,1640,0
1351,1143,947,1
1352,1736,1283,1
1353,1876,1475,0
1354,995,1876,0
1355,1874,1876,0
1356,995,1612,0
1357,1435,1619,1
1358,940,1369,0
1359,1084,1418,0
1360,1630,1084,0
1361,1084,1082,0
1362,1136,975,1
1363,1837,1323,0
1364,1565,1737,0
1365,1407,1565,1
1366,869,1407,1
1367,1565,1563,1
1368,1405,1407,1
1369,1736,1145,1
1370,1232,1827,1
1371,1232,1034,1
1372,1478,1005,0
1373,1837,1471,0
1374,1620,1838,1
1375,1100,980,1
1376,1516,1100,1
1377,1838,1516,0
1378,1100,1098,1
1379,1514,1516,1
1380,1196,920,1
1381,1909,1196,1
1382,1906,1909,1
1383,1194,1196,0
1384,1908,1909,1
1385,1252,1114,1
1386,1834,1252,1
1387,1252,1250,1
1388,924,1114,1
1389,1883,924,1
1390,922,924,1
1391,1271,1114,1
1392,1717,1271,1
1393,1271,1268,1
1394,1318,1114,0
1395,1718,1318,0
1396,1317,1318,0
1397,1362,1288,1
1398,1362,1288,0
1399,1140,1113,1
1400,1362,1140,1
1401,1138,1140,1
1402,1652,1115,1
1403,1141,1652,1
1404,1363,1141,0
1405,1651,1652,1
1406,1137,1141,1
1407,1033,1873,0
1408,1419,1033,0
1409,1032,1033,0
1410,1151,1525,1
1411,1381,975,1
1412,1809,1795,0
1413,1611,928,0
1414,1340,928,0
1415,1341,929,1
1416,1839,1655,1
1417,1840,1656,1
1418,1622,1113,1
1419,1840,1622,1
1420,1621,1622,0
1421,1839,1113,1
1422,1253,1113,0
1423,1470,1253,0
1424,1848,1470,0
1425,1253,1251,0
1426,1468,1470,0
1427,1296,1113,1
1428,1784,1412,0
1429,1822,1784,0
1430,1782,1784,0
1431,1785,1413,0
1432,1598,1785,0
1433,1783,1785,0
1434,1839,1703,1
1435,1232,1007,1
1436,1412,1146,0
1437,1413,1147,0
1438,1029,1628,1
1439,1717,1029,1
1440,1029,1028,1
1441,1379,1625,0
1442,976,1277,0
1443,1839,1369,0
1444,888,1414,0
1445,1873,888,1
1446,888,886,0
1447,1239,1415,1
1448,1618,1239,1
1449,1238,1239,1
1450,1233,1799,1
1451,1800,1232,1
1452,929,1800,1
1453,1798,1800,1
1454,1105,1115,1
1455,1269,1105,1
1456,1103,1105,1
1457,1810,1900,0
1458,1551,849,1
1459,894,1551,1
1460,1551,1549,1
1461,1776,1019,1
1462,889,1777,1
1463,1873,889,1
1464,889,887,1
1465,1233,1770,1
1466,1446,1287,0
1467,1796,1446,0
1468,1446,1444,0
1469,1445,1050,0
1470,1358,1445,0
1471,1287,1358,0
1472,1445,1443,0
1473,1358,1356,0
1474,1776,1414,0
1475,1899,1840,0
1476,1150,1899,1
1477,1898,1899,1
1478,1373,1583,0
1479,1810,1373,0
1480,1373,1371,0
1481,1040,1233,1
1482,1061,1040,1
1483,1039,1040,1
1484,1732,1649,0
1485,1901,1650,0
1486,1751,1593,0
1487,1838,920,0
1488,1839,1041,1
1489,1469,1042,1
1490,1295,1469,1
1491,1467,1469,1
1492,1794,1512,0
1493,1511,1288,1
1494,1648,1288,1
1495,1704,1648,1
1496,1840,1704,1
1497,1646,1648,1
1498,1702,1704,1
1499,1584,885,0
1500,1372,884,0
1501,1049,1372,0
1502,1372,1370,0
1503,1779,1579,1
1504,1836,1779,0
1505,1778,1779,1
1506,1707,1619,1
1507,1491,943,1
1508,1363,1491,1
1509,1489,1491,1
1510,1142,1362,0
1511,1490,1142,0
1512,1139,1142,0
1513,1538,1751,0
1514,1793,1864,0
1515,982,946,1
1516,1390,945,0
1517,1431,1179,1
1518,1440,1431,1
1519,1431,1430,1
1520,1402,1179,1
1521,1730,1351,1
1522,1223,1351,0
1523,1222,1865,0
1524,1223,1914,1
1525,1388,1913,1
1526,1681,1729,1
1527,1679,1681,1
1528,1222,1681,0
1529,1222,860,1
1530,999,1316,1
1531,1222,1051,1
1532,1052,1680,1
1533,1219,1179,1
1534,1457,1179,1
1535,978,1210,1
1536,1767,1299,0
1537,1904,1896,1
1538,1479,1387,1
1539,1480,1388,1
1540,1387,1897,1
1541,861,1905,1
1542,1915,1388,1
1543,1664,1659,1
1544,1665,945,1
1545,1697,1180,1
1546,1202,1177,1
1547,1713,1180,0
1548,1700,1178,1
1549,1803,1700,1
1550,1700,1698,1
1551,1701,1177,1
1552,1672,1701,1
1553,1701,1699,1
1554,1804,1672,1
1555,1035,1672,1
1556,1673,945,1
1557,1674,946,1
1558,1855,1674,1
1559,1856,1672,1
1560,1506,1486,0
1561,1674,1506,0
1562,1505,1506,0
1563,1673,1485,0
1564,1672,1845,1
1565,1222,918,1
1566,1773,877,1
1567,1727,877,1
1568,1352,1109,1
1569,1724,1072,1
1570,1352,1724,1
1571,1724,1722,1
1572,1530,878,1
1573,1352,1530,1
1574,1530,1529,1
1575,1366,1352,0
1576,1000,1440,1
1577,1071,1548,0
1578,1521,1439,1
1579,1261,1218,1
1580,1466,1261,1
1581,1439,1466,1
1582,1260,1261,1
1583,1465,1466,1
1584,1237,1218,1
1585,1422,1188,1
1586,1184,1219,1
1587,973,1184,1
1588,1183,1184,1
1589,1188,1547,1
1590,1832,1367,0
1591,1218,1458,1
1592,1396,1793,0
1593,1223,1396,0
1594,1396,1395,0
1595,875,1180,0
1596,876,954,0
1597,1176,953,0
1598,1300,1176,0
1599,1172,1176,0
1600,1173,1176,0
1601,1193,1485,0
1602,1854,1193,0
1603,1192,1193,0
1604,1486,1660,1
1605,1485,1284,0
1606,1504,1485,0
1607,1486,1257,1
1608,1728,1522,1
1609,1495,1439,1
1610,1723,974,1
1611,1110,1723,1
1612,1721,1723,1
1613,1315,878,1
1614,1023,878,1
1615,1398,1023,1
1616,1022,1023,1
1617,1804,977,0
1618,912,945,1
1619,913,946,1
1620,914,946,0
1621,915,945,0
1622,1352,1772,1
1623,1219,981,1
1624,1439,1403,1
1625,1916,919,1
1626,1420,1353,1
1627,1696,1178,1
1628,1423,1236,1
1629,1842,1793,1
1630,1803,1036,1
1631,1853,1769,0
1632,1389,1792,0
1633,1833,1792,0
1634,1442,1846,1
1635,1804,1442,1
1636,1442,1441,1
1637,1092,1079,0
1638,1658,1111,0
1639,1895,1658,0
1640,1657,1658,0
1641,1345,1894,0
1642,1745,899,0
1643,1735,899,0
1644,1895,1069,0
1645,1343,899,0
1646,1091,1148,0
1647,1346,900,0
1648,966,1346,0
1649,1344,1346,0
1650,881,1058,0
1651,1111,881,0
1652,881,880,0
1653,1111,1493,0
1654,1247,900,0
1655,1246,901,0
1656,1092,1086,0
1657,1117,1091,0
1658,1500,1091,0
1659,1053,1092,0
1660,1054,1091,0
1661,1534,1092,0
1662,1894,1534,0
1663,1534,1532,0
1664,1895,1297,0
1665,1533,1091,0
1666,1298,1533,0
1667,1533,1531,0
1668,1292,1267,0
1669,1888,1302,1
1670,1889,1500,0
1671,1889,1501,0
1672,927,1334,0
1673,1888,1692,1
1674,1889,1693,0
1675,1825,1266,0
1676,1342,1894,0
1677,1091,1070,0
1678,1333,1266,0
1679,1826,1454,0
1680,1501,964,0
1681,1556,1453,0
1682,891,1001,0
1683,1108,899,0
1684,1577,1064,0
1685,1734,1500,0
1686,1807,1080,0
1687,1001,1092,0
1688,1002,1754,0
1689,1075,1085,0
1690,1002,1076,0
1691,963,1744,0
1692,1759,1085,0
1693,1758,1086,0
1694,1555,890,0
1695,1578,906,0
1696,1500,926,0
1697,1057,1079,0
1698,1520,1111,0
1699,1092,1789,0
1700,1518,1678,0
1701,1616,1001,0
1702,1149,1616,0
1703,1615,1616,0
1704,1677,1002,0
1705,1517,1148,0
1706,1755,1091,0
1707,1881,1116,0
1708,1001,1880,0
1709,1500,1001,0
1710,1501,1002,0
1711,1331,1065,0
1712,971,901,0
1713,1788,1107,0
1714,1112,965,0
1715,1149,1079,0
1716,961,972,0
1717,906,1112,0
1718,1399,1500,0
1719,1400,1501,0
1720,1401,1500,0
1721,1685,956,0
1722,1168,1394,0
1723,1290,1168,0
1724,1166,1168,1
1725,1684,916,0
1726,1684,863,0
1727,1685,1572,1
1728,1684,1275,1
1729,1705,1394,0
1730,1169,1394,0
1731,1817,1169,0
1732,1169,1167,0
1733,1818,1614,0
1734,1817,1162,0
1735,1818,1163,0
1736,1818,1157,0
1737,1817,1158,0
1738,1824,1572,1
1739,1376,1571,0
1740,1818,1155,0
1741,1393,1152,1
1742,1393,1153,1
1743,1394,1154,1
1744,1394,1159,1
1745,1393,1160,1
1746,1818,1165,0
1747,1393,1156,0
1748,1393,870,0
1749,994,871,0
1750,1558,1073,0
1751,1823,1374,1
1752,1541,1376,1
1753,956,1542,1
1754,1684,1762,1
1755,1691,938,0
1756,1691,1684,0
1757,1690,1685,0
1758,1228,1774,0
1759,1686,1228,0
1760,1226,1228,0
1761,1229,1775,0
1762,1687,1229,0
1763,1227,1229,0
1764,1691,1603,0
1765,1685,1437,0
1766,1438,1391,0
1767,1182,1214,0
1768,1774,1354,0
1769,1644,882,1
1770,1078,1540,1
1771,1077,1306,1
1772,1604,1355,0
1773,1374,993,0
1774,1096,1739,1
1775,1738,1063,1
1776,1738,1860,1
1777,1739,1861,1
1778,893,1461,0
1779,1775,893,0
1780,892,893,0
1781,1077,1392,0
1782,1077,905,1
1783,1843,955,1
1784,1571,864,0
1785,997,1374,1
1786,1289,1684,0
1787,1817,1375,0
1788,1818,1376,0
1789,1893,1572,1
1790,917,1535,1
1791,1078,1095,1
1792,1393,1164,0
1793,1074,1571,0
1794,1613,1374,0
1795,1455,1077,0
1796,1527,1456,1
1797,1330,1376,1
1798,1448,1305,1
1799,1528,1306,1
1800,1775,1690,0
1801,1775,1684,0
1802,1394,1161,1
1803,1635,998,1
1804,1774,1181,0
1805,1375,1557,0
1806,1385,1571,0
1807,1386,1572,1
1808,883,904,0
1809,1576,1394,0
1810,1844,1464,0
1811,1536,955,1
1812,1303,1462,0
1813,1852,1892,1
1814,998,1329,1
1815,1308,1393,0
1816,1447,1748,1
1817,1078,1304,1
1818,1009,1763,0
1819,1274,1634,1
1820,1790,1764,1
1821,1764,862,1
1822,1765,842,0
1823,1764,843,1
1824,1765,844,1
1825,1765,845,1
1826,1791,1765,1
1827,930,1862,0
1828,1255,1349,0
1829,874,931,0
1830,1011,874,0
1831,872,874,0
1832,1764,1255,1
1833,1786,1255,1
1834,1120,1862,0
1835,1790,1601,0
1836,1790,873,1
1837,1742,1360,0
1838,1743,1361,0
1839,1121,1863,0
1840,1863,1338,0
1841,1474,1561,1
1842,1791,1562,1
1843,1245,1360,0
1844,1591,1244,0
1845,1602,1088,0
1846,1254,1581,0
1847,1254,1460,0
1848,1498,1459,0
1849,1582,1087,0
1850,1255,1661,1
1851,1094,1499,0
1852,1653,1094,0
1853,1094,1093,0
1854,1806,1790,1
1855,1765,1254,0
1856,1350,1360,0
1857,1787,1473,1
1858,959,1791,0
1859,1791,1012,1
1860,1790,1488,1
1861,1838,1171,0
1862,1276,1368,0
1863,1359,1288,1
1864,1626,1359,0
1865,1357,1359,1
1866,1597,1414,0
1867,910,884,1
1868,1627,1801,1
1869,911,885,1
1870,1631,1872,1
1871,1566,1452,1
1872,1737,1566,1
1873,1566,1564,1
1874,928,1045,0
1875,929,1046,1
1876,1838,1377,0
1877,1643,1472,0
1878,1620,1643,0
1879,1642,1643,0
1880,1412,988,0
1881,1066,1068,1
1882,1552,1207,1
1883,1617,1552,1
1884,1550,1552,1
1885,1760,987,0
1886,1922,1287,0
1887,1114,1059,1
1888,1114,1060,0
1889,1708,1683,1
1890,1310,1777,1
1891,1415,1310,1
1892,1309,1310,1
1893,867,1543,0
1894,867,1757,0
1895,866,867,0
1896,925,1114,1
1897,937,925,1
1898,1106,937,1
1899,1270,1106,1
1900,923,925,0
1901,937,936,1
1902,1104,1106,1
1903,1425,1835,1
1904,1872,1425,1
1905,1425,1424,1
1906,1043,1258,1
1907,1717,1580,1
1908,1199,1641,0
1909,1849,1199,0
1910,1197,1199,0
1911,1633,850,1
1912,1802,1282,1
1913,948,1631,1
1914,1526,976,1
1915,1546,1907,1
1916,1847,1231,0
1917,1836,1671,0
1918,1589,929,0
1919,920,1543,0
1920,1837,1544,0
1921,1682,979,1
1922,1631,1347,1
1923,1816,1347,0
1924,1145,1816,1
1925,1815,1816,1
1926,1259,1838,1
1927,895,1018,1
1928,1877,996,1
1929,1596,1877,1
1930,929,1596,1
1931,1875,1877,1
1932,1596,1595,1
1933,1368,1476,0
1934,1829,941,0
1935,975,1829,0
1936,1828,1829,0
1937,1857,1008,1
1938,1232,1008,1
1939,908,1232,1
1940,909,1233,1
1941,1203,1007,0
1942,1363,1890,0
1943,1432,1524,0
1944,1523,1543,0
1945,1821,1415,0
1946,1115,968,0
1947,1647,1287,1
1948,1044,1911,1
1949,1324,857,0
1950,1191,1062,1
1951,1731,1191,1
1952,1189,1191,1
1953,1512,1921,0
1954,1780,1233,1
1955,1363,1481,1
1956,856,1507,0
1957,857,1508,0
1958,1872,1882,1
1959,1586,1641,0
1960,1503,1543,0
1961,858,1585,1
1962,859,1586,1
1963,1089,1670,0
1964,1090,1671,0
1965,1280,856,0
1966,1281,857,0
1967,1733,1760,0
1968,1037,1043,1
1969,1038,1044,1
1970,1030,1007,1
1971,1031,1008,1
1972,1232,996,1
1973,1797,1795,0
1974,1339,1839,1
1975,1925,1382,0
1976,1230,1925,0
1977,1923,1925,0
1978,928,1380,0
1979,1991,2103,1
1980,2307,2167,0
1981,2434,2167,0
1982,2434,2168,0
1983,2272,2180,0
1984,2180,1943,0
1985,1995,1988,1
1986,2380,2038,0
1987,1990,1979,1
1988,2136,1979,1
1989,1989,1938,1
1990,2274,2437,0
1991,2316,1945,1
1992,2395,2316,1
1993,2282,1981,1
1994,2317,1986,0
1995,2310,2346,0
1996,2126,2174,1
1997,1961,2445,0
1998,2302,2445,0
1999,2425,2193,0
2000,1995,1993,0
2001,2123,2223,0
2002,2381,2305,0
2003,2396,2215,0
2004,2362,2396,0
2005,2362,2010,0
2006,2068,2396,0
2007,2327,2204,0
2008,2329,2243,0
2009,2046,2286,1
2010,2217,2131,1
2011,2216,2394,1
2012,2394,2077,1
2013,2148,2394,1
2014,2203,1964,0
2015,2203,2050,1
2016,2132,2076,1
2017,2391,2386,1
2018,2323,1965,1
2019,2269,2378,0
2020,2270,2379,1
2021,2376,2077,1
2022,2387,2376,1
2023,2378,2076,0
2024,2378,1965,0
2025,2386,2379,1
2026,2379,1964,1
2027,2414,2213,1
2028,2323,2414,1
2029,2385,2414,1
2030,2265,1964,0
2031,2265,2212,0
2032,2392,2354,1
2033,2384,2212,1
2034,2384,2368,1
2035,2392,2368,1
2036,2369,2213,0
2037,2369,2355,0
2038,2212,2200,1
2039,2333,2213,1
2040,2213,2204,0
2041,2415,2213,0
2042,2366,2415,0
2043,2280,2212,1
2044,2050,2176,1
2045,2333,2174,1
2046,2437,2200,1
2047,2390,2354,1
2048,2405,1965,0
2049,2204,2405,0
2050,2405,2175,1
2051,2077,2044,0
2052,2044,2355,0
2053,2375,2076,0
2054,2375,2225,1
2055,2389,2077,1
2056,2390,2076,1
2057,2390,2043,1
2058,2374,2354,0
2059,2371,2355,1
2060,2370,2373,1
2061,2371,2309,1
2062,2309,2264,1
2063,2354,2224,1
2064,2389,2370,1
2065,2077,1964,0
2066,1939,2077,0
2067,2446,2300,0
2068,1939,2446,0
2069,2346,2204,0
2070,2027,2145,0
2071,2223,2027,0
2072,2246,2238,0
2073,2372,1995,0
2074,2438,2372,0
2075,2381,2188,0
2076,2332,2304,0
2077,1984,2335,1
2078,2233,2335,1
2079,2404,2145,0
2080,2404,2380,0
2081,2404,2013,0
2082,2183,2002,1
2083,2001,1983,0
2084,2349,2012,1
2085,2349,1967,1
2086,2234,1967,0
2087,1949,2227,0
2088,1982,1973,1
2089,2352,2261,0
2090,2002,1973,1
2091,2427,2266,0
2092,1932,2001,1
2093,2408,2233,1
2094,2408,2259,1
2095,2408,2231,0
2096,2436,2056,0
2097,2173,2388,1
2098,2202,2056,1
2099,2303,2145,0
2100,2303,2067,0
2101,2067,2045,1
2102,2179,2045,1
2103,2259,2228,1
2104,2231,2228,1
2105,2199,1942,1
2106,2232,2072,0
2107,2205,2020,0
2108,2427,1932,0
2109,2151,1952,0
2110,2273,1952,0
2111,2308,2306,0
2112,2193,2020,0
2113,2255,2226,0
2114,1983,1941,1
2115,2249,1983,1
2116,2003,2249,1
2117,2318,2188,0
2118,2372,2246,0
2119,2410,2233,1
2120,2410,2365,1
2121,2410,2231,0
2122,2372,2304,0
2123,2034,2145,0
2124,2306,2034,0
2125,2237,2072,0
2126,2381,2164,0
2127,2292,2237,1
2128,2292,2067,1
2129,1960,2238,1
2130,2318,2185,0
2131,2307,2246,0
2132,2234,2231,0
2133,2012,2003,1
2134,2011,2010,1
2135,2308,2164,0
2136,2151,2145,0
2137,2436,2234,0
2138,2291,2072,0
2139,2332,2291,0
2140,2250,2001,0
2141,2365,2172,1
2142,1960,2205,0
2143,2250,2184,0
2144,2226,2002,0
2145,2232,2256,1
2146,2227,2125,0
2147,2232,1982,0
2148,2279,2199,1
2149,2266,2257,0
2150,2318,2001,0
2151,2411,2255,0
2152,1949,2411,0
2153,2427,2411,0
2154,2238,2005,1
2155,2237,2260,1
2156,2238,2261,0
2157,2155,2237,0
2158,2258,2155,0
2159,2238,2052,0
2160,2256,2186,1
2161,2186,2002,1
2162,2258,2185,0
2163,2352,2256,1
2164,2438,1984,0
2165,2349,2279,1
2166,2250,1980,0
2167,2352,1980,0
2168,2125,2052,0
2169,2258,2006,0
2170,2257,2179,1
2171,2435,1929,1
2172,1966,2435,0
2173,2063,1966,0
2174,2327,2073,0
2175,2211,2019,0
2176,2398,2064,0
2177,2398,2209,0
2178,2398,2138,0
2179,2019,2210,0
2180,2211,2073,0
2181,2210,2126,0
2182,2195,2090,1
2183,2334,1928,0
2184,2156,2433,0
2185,2156,2055,0
2186,2085,2054,1
2187,2091,1971,0
2188,2397,2214,1
2189,2069,2397,1
2190,2088,2397,1
2191,2053,2215,0
2192,2066,2215,1
2193,2215,2091,0
2194,2094,2054,1
2195,2268,2094,1
2196,2210,2206,0
2197,2209,2208,0
2198,2305,1971,0
2199,2351,2214,0
2200,2350,2041,1
2201,2142,1933,0
2202,2090,2041,0
2203,2092,2041,0
2204,1930,1931,1
2205,1931,1929,1
2206,2100,2082,0
2207,2089,1929,0
2208,2133,2089,0
2209,2063,2061,1
2210,1935,2133,0
2211,2100,1935,0
2212,2055,2054,0
2213,1930,1928,0
2214,2210,2201,0
2215,2268,2209,0
2216,2126,2124,1
2217,2057,1928,0
2218,2117,2057,0
2219,2208,2207,1
2220,2310,2201,0
2221,2356,2195,0
2222,2377,2074,0
2223,2137,1987,1
2224,2065,1987,1
2225,2065,2061,1
2226,2220,2090,1
2227,2356,2334,0
2228,2124,2085,1
2229,2276,2220,1
2230,2326,2276,1
2231,2326,2065,1
2232,2298,2090,0
2233,2187,2091,0
2234,2433,2187,0
2235,2126,2123,0
2236,2298,2142,0
2237,2298,2089,0
2238,2136,1988,1
2239,2118,1989,0
2240,2296,2014,0
2241,2315,2015,0
2242,2118,2031,0
2243,2315,1993,0
2244,2406,2049,0
2245,1943,2406,0
2246,2181,2406,0
2247,2403,2014,0
2248,2317,2403,0
2249,2158,2403,0
2250,2049,2014,0
2251,2283,2282,1
2252,2296,2168,0
2253,2402,2015,1
2254,2157,2402,1
2255,1989,2402,1
2256,2283,2031,1
2257,2026,2014,0
2258,2025,2026,0
2259,2018,2025,0
2260,2030,2015,0
2261,2017,2030,0
2262,2177,1985,1
2263,2413,2328,1
2264,1985,2413,1
2265,2426,2413,1
2266,2447,2254,1
2267,2447,2178,1
2268,2325,2178,1
2269,1959,1991,1
2270,2022,1959,1
2271,2253,2008,1
2272,2254,2029,1
2273,2330,2008,1
2274,2236,2330,0
2275,2294,2008,1
2276,2428,2009,1
2277,2178,2162,1
2278,2196,2162,1
2279,2196,2004,1
2280,2278,2004,1
2281,2325,1990,1
2282,2383,2277,1
2283,2277,2166,1
2284,2166,2016,1
2285,2235,2009,0
2286,2022,1985,1
2287,2419,2245,1
2288,2190,2331,1
2289,2353,1968,1
2290,2345,2254,1
2291,1940,2253,0
2292,2278,2182,1
2293,2139,2009,1
2294,1940,2139,1
2295,2191,2008,1
2296,2345,2191,1
2297,2328,2253,1
2298,2244,2029,1
2299,2278,2086,1
2300,2086,2007,1
2301,2419,2016,1
2302,2383,2321,1
2303,2324,2322,1
2304,2331,2007,1
2305,2245,1985,1
2306,2272,2177,0
2307,2324,2182,1
2308,2353,1991,1
2309,2293,2165,1
2310,2165,2009,1
2311,2177,2152,1
2312,1968,1938,1
2313,2178,1970,1
2314,2357,1970,1
2315,2278,2177,1
2316,2428,2244,1
2317,2423,2143,1
2318,2271,2424,1
2319,2393,2424,1
2320,2393,2000,1
2321,1947,2393,1
2322,2424,2421,1
2323,2300,2423,0
2324,2423,2197,1
2325,2320,2440,1
2326,2347,2229,1
2327,2319,2347,1
2328,2319,2301,1
2329,2319,2313,0
2330,2320,2267,0
2331,2267,2217,0
2332,1947,2320,1
2333,2289,2319,1
2334,2313,2058,0
2335,1950,1936,1
2336,2319,2221,1
2337,2221,1951,1
2338,2161,1950,1
2339,2320,1936,1
2340,1951,2229,1
2341,2358,1951,1
2342,2062,1951,1
2343,2358,2281,1
2344,2281,2197,1
2345,2297,2023,1
2346,2163,2023,1
2347,2297,2197,1
2348,2163,1950,1
2349,2297,2070,1
2350,2071,1962,1
2351,1996,2071,0
2352,2127,1996,0
2353,2143,1962,1
2354,2046,2301,1
2355,1999,2289,1
2356,2046,2440,1
2357,2134,2424,1
2358,2432,2170,1
2359,1978,1945,1
2360,2170,1946,1
2361,2171,1944,1
2362,2343,2170,1
2363,2343,2171,0
2364,2170,2140,1
2365,2171,1957,1
2366,2339,2337,1
2367,2344,2336,1
2368,2343,2339,1
2369,2343,2340,1
2370,2340,2338,1
2371,2106,1946,0
2372,2364,1944,1
2373,2363,1946,1
2374,1946,1945,1
2375,2248,1978,1
2376,2432,2248,1
2377,2160,2140,1
2378,2275,2160,1
2379,1958,1974,1
2380,2360,2060,1
2381,2059,1974,1
2382,2360,1974,1
2383,2361,1974,1
2384,2059,2051,1
2385,2095,1974,1
2386,2218,1974,1
2387,2219,1974,1
2388,2169,2051,1
2389,2169,2161,1
2390,2095,2062,1
2391,2161,2062,1
2392,2141,2062,1
2393,2341,2339,1
2394,2342,2340,1
2395,2295,2218,1
2396,2083,2252,0
2397,2079,2251,0
2398,2407,2252,0
2399,2080,2407,0
2400,2400,2407,0
2401,2130,2400,0
2402,2409,2400,0
2403,2311,2409,0
2404,2263,2409,0
2405,2096,2251,0
2406,2078,2084,0
2407,2097,2251,0
2408,2109,2114,0
2409,2098,2252,0
2410,2439,2113,0
2411,2242,2251,0
2412,2252,2108,0
2413,2251,2107,0
2414,2242,2119,0
2415,2252,2115,0
2416,2114,2251,0
2417,2239,2252,0
2418,2240,2251,0
2419,2252,2110,0
2420,2401,1977,1
2421,2149,2401,1
2422,2147,2401,1
2423,2366,2287,0
2424,2288,2032,0
2425,2104,2081,0
2426,2112,2104,0
2427,2112,2107,0
2428,2399,2252,0
2429,2099,2399,0
2430,2102,2399,0
2431,2122,2251,0
2432,2121,2101,0
2433,2105,1972,1
2434,2443,2217,1
2435,2275,2105,1
2436,2217,2150,1
2437,2150,2149,1
2438,2442,2216,1
2439,2039,2216,1
2440,2040,2217,1
2441,2216,2058,0
2442,2036,2445,0
2443,2035,2444,0
2444,2444,1955,0
2445,2439,1955,0
2446,2444,2038,0
2447,2445,2037,0
2448,2445,2120,0
2449,2445,2116,0
2450,2121,2116,0
2451,2444,2243,0
2452,1953,2445,0
2453,2444,2033,0
2454,2109,2113,0
2455,2216,1976,0
2456,1972,1977,1
2457,1976,1969,1
2458,1977,2129,1
2459,2262,1977,0
2460,2412,2111,0
2461,1977,2412,0
2462,2312,2412,0
2463,2081,1976,0
2464,2288,1976,0
2465,2280,1976,1
2466,2264,1977,1
2467,2084,2102,0
2468,2021,1969,1
2469,2075,2418,0
2470,1997,1981,1
2471,2087,1997,1
2472,2430,2159,0
2473,2431,2429,0
2474,2241,2154,0
2475,2429,2241,0
2476,2431,2430,0
2477,2159,2153,0
2478,2028,1997,1
2479,2284,2153,0
2480,2285,2284,0
2481,2153,2087,0
2482,2285,2425,0
2483,2382,2299,0
2484,2420,2048,0
2485,2028,1934,1
2486,2154,1934,0
2487,2192,1961,0
2488,2418,2048,0
2489,2417,2154,0
2490,2417,2299,0
2491,2194,2075,0
2492,2154,1956,0
2493,1986,1956,0
2494,2418,2329,0
2495,2382,2302,0
2496,2189,2153,0
2497,2194,2192,0
2498,2420,1934,0
2499,1954,2420,0
2500,2664,2719,0
2501,2570,2699,1
2502,2675,2629,1
2503,2629,2475,1
2504,2563,2457,1
2505,2654,2658,0
2506,2453,2720,1
2507,2649,2720,0
2508,2473,2509,0
2509,2576,2615,0
2510,2554,2519,1
2511,2524,2611,0
2512,2554,2520,0
2513,2613,2548,1
2514,2722,2721,1
2515,2523,2722,1
2516,2585,2524,0
2517,2478,2469,0
2518,2491,2586,0
2519,2491,2498,0
2520,2695,2599,1
2521,2586,2468,0
2522,2706,2488,0
2523,2690,2706,0
2524,2612,2706,0
2525,2477,2476,1
2526,2602,2484,0
2527,2649,2481,0
2528,2524,2674,0
2529,2469,2688,1
2530,2688,2719,0
2531,2571,2550,1
2532,2609,2631,1
2533,2588,2609,1
2534,2587,2647,1
2535,2451,2553,1
2536,2545,2527,0
2537,2526,2458,1
2538,2536,2528,0
2539,2526,2466,0
2540,2583,2604,1
2541,2451,2647,1
2542,2646,2608,1
2543,2646,2578,0
2544,2464,2528,1
2545,2708,2527,0
2546,2708,2451,1
2547,2708,2451,1
2548,2458,2464,1
2549,2582,2571,1
2550,2509,2582,1
2551,2553,2528,0
2552,2455,2451,0
2553,2642,2455,0
2554,2543,2536,0
2555,2652,2543,0
2556,2474,2652,1
2557,2630,2545,0
2558,2719,2630,0
2559,2675,2527,0
2560,2686,2578,1
2561,2609,2529,1
2562,2529,2672,1
2563,2463,2642,0
2564,2450,2463,0
2565,2631,2571,1
2566,2716,2608,1
2567,2534,2716,1
2568,2469,2474,1
2569,2608,2571,1
2570,2624,2465,0
2571,2646,2624,1
2572,2450,2466,0
2573,2604,2465,1
2574,2641,2652,1
2575,2626,2641,1
2576,2495,2527,1
2577,2496,2528,0
2578,2709,2451,1
2579,2638,2528,1
2580,2548,2550,1
2581,2677,2466,1
2582,2462,2469,0
2583,2677,2626,1
2584,2487,2702,1
2585,2700,2487,1
2586,2532,2701,0
2587,2566,2702,0
2588,2698,2701,0
2589,2682,2683,0
2590,2585,2456,0
2591,2683,2679,0
2592,2510,2566,0
2593,2692,2510,0
2594,2627,2566,0
2595,2644,2627,0
2596,2569,2521,0
2597,2692,2569,0
2598,2461,2525,0
2599,2456,2461,0
2600,2676,2521,1
2601,2508,2676,1
2602,2623,2685,0
2603,2486,2639,0
2604,2639,2683,0
2605,2473,2697,0
2606,2685,2473,0
2607,2697,2703,0
2608,2684,2682,0
2609,2645,2519,1
2610,2664,2577,1
2611,2456,2644,0
2612,2664,2518,1
2613,2518,2508,1
2614,2475,2521,0
2615,2486,2532,0
2616,2682,2679,0
2617,2623,2684,0
2618,2703,2700,0
2619,2702,2559,0
2620,2558,2520,0
2621,2525,2519,0
2622,2560,2679,0
2623,2555,2560,0
2624,2472,2679,0
2625,2561,2701,0
2626,2611,2558,0
2627,2645,2577,1
2628,2697,2712,0
2629,2697,2713,0
2630,2514,2679,0
2631,2515,2680,0
2632,2687,2682,0
2633,2689,2623,0
2634,2689,2472,0
2635,2555,2692,0
2636,2687,2682,0
2637,2699,2664,0
2638,2664,2520,0
2639,2668,2653,1
2640,2661,2663,0
2641,2658,2660,0
2642,2662,2720,0
2643,2663,2589,0
2644,2589,2721,0
2645,2659,2662,0
2646,2563,2482,0
2647,2482,2659,0
2648,2662,2668,1
2649,2564,2563,1
2650,2660,2690,0
2651,2653,2661,0
2652,2573,2721,0
2653,2603,2573,0
2654,2467,2603,0
2655,2497,2467,0
2656,2483,2663,0
2657,2695,2564,1
2658,2497,2483,0
2659,2481,2522,1
2660,2478,2522,1
2661,2501,2610,0
2662,2506,2470,0
2663,2470,2502,0
2664,2538,2503,0
2665,2696,2538,0
2666,2567,2498,1
2667,2567,2579,1
2668,2567,2579,1
2669,2505,2696,0
2670,2513,2505,0
2671,2671,2513,0
2672,2506,2671,0
2673,2470,2717,1
2674,2694,2717,1
2675,2678,2499,1
2676,2667,2498,1
2677,2500,2502,0
2678,2610,2503,0
2679,2635,2502,0
2680,2707,2503,0
2681,2665,2707,0
2682,2704,2707,1
2683,2636,2693,1
2684,2693,2718,0
2685,2505,2681,0
2686,2618,2665,0
2687,2500,2622,0
2688,2512,2635,0
2689,2506,2512,0
2690,2479,2567,0
2691,2502,2479,0
2692,2503,2666,1
2693,2504,2499,1
2694,2575,2503,1
2695,2678,2575,1
2696,2616,2673,1
2697,2678,2616,1
2698,2565,2570,1
2699,2673,2565,1
2700,2621,2500,1
2701,2448,2500,0
2702,2666,2628,1
2703,2590,2471,1
2704,2622,2591,0
2705,2640,2636,1
2706,2632,2498,0
2707,2633,2499,1
2708,2499,2501,1
2709,2632,2517,1
2710,2499,2448,0
2711,2597,2501,1
2712,2498,2597,1
2713,2517,2621,1
2714,2628,2669,1
2715,2471,2640,1
2716,2681,2540,1
2717,2694,2636,1
2718,2540,2590,0
2719,2591,2618,0
2720,2541,2504,1
2721,2669,2541,1
2722,2599,2718,1
2723,2477,2667,1
2724,2537,2503,1
2725,2535,2537,1
2726,2657,2535,0
2727,2656,2535,1
2728,2667,2657,1
2729,2457,2717,1
2730,2643,2503,1
2731,2500,2711,1
2732,2501,2710,1
2733,2617,2499,0
2734,2468,2617,0
2735,2580,2452,0
2736,2705,2595,0
2737,2452,2705,0
2738,2460,2705,0
2739,2670,2594,0
2740,2607,2595,1
2741,2507,2592,0
2742,2568,2592,0
2743,2484,2594,0
2744,2449,2568,0
2745,2516,2568,1
2746,2549,2449,0
2747,2551,2549,0
2748,2596,2592,0
2749,2530,2593,0
2750,2562,2524,0
2751,2601,2562,0
2752,2605,2598,1
2753,2598,2606,1
2754,2580,2551,0
2755,2606,2594,1
2756,2581,2593,0
2757,2584,2596,0
2758,2601,2507,0
2759,2600,2595,1
2760,2607,2605,1
2761,2581,2576,0
2762,2637,2551,0
2763,2592,2594,0
2764,2593,2595,0
2765,2530,2607,1
2766,2453,2490,1
2767,2531,2453,1
2768,2511,2531,1
2769,2542,2511,1
2770,2547,2489,1
2771,2655,2649,1
2772,2544,2547,1
2773,2546,2490,1
2774,2488,2489,0
2775,2714,2485,1
2776,2557,2546,1
2777,2557,2544,1
2778,2620,2523,1
2779,2714,2655,1
2780,2691,2489,1
2781,2557,2654,1
2782,2539,2542,1
2783,2542,2691,0
2784,2480,2714,1
2785,2648,2649,1
2786,2454,2651,1
2787,2620,2650,1
2788,2494,2715,1
2789,2634,2494,1
2790,2572,2634,1
2791,2552,2586,0
2792,2459,2619,0
2793,2625,2459,0
2794,2619,2492,0
2795,2602,2625,0
2796,2715,2491,1
2797,2493,2492,1
2798,2556,2554,0
2799,2574,2556,0
2800,2674,2574,0
2801,2554,2572,1
2802,2614,2493,0
2803,2730,824,1
2804,2730,824,1
2805,2735,1429,0
2806,2736,1871,0
2807,2732,1523,0
2808,2734,2732,0
2809,2731,2732,0
2810,2733,1524,0
2811,5,4,0
2812,7,6,0
2813,9,8,0
2814,11,10,1
2815,12,11,0
2816,16,15,1
2817,18,17,0
2818,20,19,0
2819,22,21,1
2820,29,28,0
2821,37,36,0
2822,40,39,0
2823,43,42,1
2824,45,44,0
2825,48,47,1
2826,51,50,1
2827,53,52,0
2828,55,54,1
2829,57,56,1
2830,59,58,1
2831,62,61,1
2832,64,63,1
2833,72,71,0
2834,74,73,0
2835,76,75,1
2836,78,77,0
2837,80,79,0
2838,84,83,0
2839,86,85,0
2840,88,87,0
2841,90,89,0
2842,92,91,1
2843,94,93,1
2844,96,95,0
2845,98,97,1
2846,100,99,1
2847,102,101,1
2848,104,103,1
2849,106,105,0
2850,108,107,1
2851,111,110,0
2852,113,112,0
2853,116,115,1
2854,118,117,1
2855,120,119,0
2856,122,121,1
2857,125,124,1
2858,127,126,1
2859,129,128,0
2860,134,133,1
2861,138,137,1
2862,141,140,1
2863,144,143,0
2864,146,145,1
2865,148,147,1
2866,150,149,1
2867,153,152,0
2868,155,154,0
2869,157,156,1
2870,159,158,1
2871,162,161,0
2872,164,163,0
2873,165,164,1
2874,169,168,1
2875,171,170,1
2876,173,172,0
2877,176,175,1
2878,178,177,0
2879,184,183,1
2880,186,185,1
2881,188,187,0
2882,190,189,1
2883,193,192,1
2884,195,194,1
2885,197,196,0
2886,199,198,0
2887,201,200,0
2888,203,202,0
2889,205,204,1
2890,207,206,1
2891,213,212,0
2892,221,220,0
2893,228,227,0
2894,243,242,1
2895,249,248,0
2896,258,257,1
2897,265,264,0
2898,282,281,0
2899,284,283,0
2900,286,285,0
2901,298,297,0
2902,311,310,0
2903,319,318,1
2904,326,325,0
2905,335,334,0
2906,343,342,0
2907,345,344,0
2908,355,354,0
2909,356,355,0
2910,362,361,0
2911,376,375,0
2912,380,379,0
2913,386,385,0
2914,394,393,0
2915,405,404,0
2916,407,406,0
2917,422,421,1
2918,430,429,1
2919,437,436,0
2920,439,438,0
2921,442,441,1
2922,458,457,0
2923,465,464,0
2924,476,475,0
2925,486,485,0
2926,488,487,0
2927,490,489,0
2928,495,494,1
2929,508,507,0
2930,510,509,0
2931,516,515,0
2932,518,517,0
2933,521,520,0
2934,525,524,0
2935,531,530,0
2936,533,532,0
2937,537,536,0
2938,539,538,0
2939,542,541,1
2940,548,547,0
2941,552,551,0
2942,557,556,0
2943,575,574,0
2944,578,577,0
2945,588,587,0
2946,594,593,1
2947,614,613,0
2948,618,617,0
2949,665,664,1
2950,686,685,0
2951,697,696,0
2952,715,714,1
2953,731,730,0
2954,741,740,1
2955,759,758,0
2956,769,768,0
2957,779,778,0
2958,808,807,0
2959,847,846,1
2960,850,849,1
2961,852,851,1
2962,853,852,1
2963,855,854,0
2964,857,856,0
2965,861,860,1
2966,864,863,0
2967,866,865,0
2968,869,868,1
2969,871,870,0
2970,873,872,0
2971,876,875,0
2972,878,877,0
2973,883,882,1
2974,885,884,1
2975,891,890,0
2976,895,894,1
2977,897,896,0
2978,900,899,0
2979,901,900,0
2980,899,901,0
2981,903,902,0
2982,905,904,1
2983,907,906,0
2984,911,910,0
2985,917,916,1
2986,919,918,1
2987,921,920,0
2988,923,922,0
2989,927,926,0
2990,929,928,0
2991,931,930,0
2992,933,932,1
2993,935,934,0
2994,939,938,0
2995,941,940,0
2996,943,942,0
2997,946,945,0
2998,948,947,1
2999,954,953,0
3000,956,955,1
3001,960,959,1
3002,962,961,0
3003,964,963,0
3004,966,965,0
3005,968,967,0
3006,970,969,0
3007,972,971,0
3008,974,973,1
3009,976,975,0
3010,978,977,1
3011,980,979,1
3012,982,981,1
3013,986,985,0
3014,988,987,0
3015,990,989,1
3016,994,993,0
3017,996,995,0
3018,998,997,0
3019,1000,999,1
3020,1001,1002,0
3021,1004,1003,0
3022,1006,1005,0
3023,1008,1007,1
3024,1010,1009,0
3025,1012,1011,1
3026,1014,1013,0
3027,1015,1014,0
3028,1013,1015,0
3029,1019,1018,1
3030,1025,1024,1
3031,1026,1025,1
3032,1036,1035,1
3033,1042,1041,1
3034,1044,1043,1
3035,1046,1045,0
3036,1048,1047,0
3037,1050,1049,0
3038,1052,1051,1
3039,1058,1057,0
3040,1060,1059,0
3041,1062,1061,1
3042,1065,1064,0
3043,1068,1067,1
3044,1070,1069,0
3045,1072,1071,1
3046,1074,1073,0
3047,1076,1075,0
3048,1078,1077,1
3049,1080,1079,0
3050,1082,1081,0
3051,1086,1085,0
3052,1088,1087,0
3053,1092,1091,0
3054,1096,1095,1
3055,1102,1101,0
3056,1104,1103,0
3057,1108,1107,0
3058,1110,1109,1
3059,1112,1111,0
3060,1114,1113,0
3061,1115,1114,0
3062,1113,1115,0
3063,1117,1116,0
3064,1119,1118,0
3065,1123,1122,0
3066,1133,1132,0
3067,1135,1134,0
3068,1138,1137,0
3069,1139,1138,0
3070,1144,1143,1
3071,1145,1144,1
3072,1149,1148,0
3073,1151,1150,1
3074,1156,1155,0
3075,1165,1164,0
3076,1167,1166,0
3077,1171,1170,0
3078,1173,1172,0
3079,1178,1177,0
3080,1180,1179,0
3081,1182,1181,0
3082,1186,1185,1
3083,1188,1187,0
3084,1195,1194,1
3085,1202,1201,1
3086,1205,1204,0
3087,1207,1206,1
3088,1209,1208,0
3089,1211,1210,1
3090,1213,1212,1
3091,1215,1214,0
3092,1219,1218,0
3093,1221,1220,0
3094,1223,1222,0
3095,1225,1224,0
3096,1231,1230,0
3097,1233,1232,0
3098,1235,1234,0
3099,1237,1236,0
3100,1241,1240,0
3101,1243,1242,0
3102,1245,1244,0
3103,1247,1246,0
3104,1249,1248,1
3105,1255,1254,0
3106,1257,1256,1
3107,1259,1258,1
3108,1263,1262,1
3109,1265,1264,0
3110,1267,1266,0
3111,1269,1268,0
3112,1270,1269,0
3113,1277,1276,0
3114,1279,1278,0
3115,1283,1282,1
3116,1286,1285,0
3117,1288,1287,0
3118,1290,1289,0
3119,1292,1291,0
3120,1294,1293,0
3121,1296,1295,1
3122,1298,1297,0
3123,1300,1299,0
3124,1302,1301,1
3125,1304,1303,1
3126,1306,1305,1
3127,1308,1307,0
3128,1312,1311,0
3129,1314,1313,0
3130,1316,1315,1
3131,1320,1319,0
3132,1324,1323,0
3133,1330,1329,1
3134,1332,1331,0
3135,1334,1333,0
3136,1336,1335,0
3137,1338,1337,0
3138,1343,1342,1
3139,1345,1344,0
3140,1348,1347,0
3141,1350,1349,0
3142,1352,1351,0
3143,1353,1352,0
3144,1351,1353,0
3145,1355,1354,0
3146,1357,1356,0
3147,1361,1360,0
3148,1363,1362,0
3149,1365,1364,0
3150,1367,1366,0
3151,1369,1368,0
3152,1375,1374,1
3153,1376,1375,0
3154,1374,1376,0
3155,1378,1377,0
3156,1380,1379,0
3157,1382,1381,1
3158,1384,1383,0
3159,1386,1385,0
3160,1388,1387,1
3161,1390,1389,0
3162,1392,1391,0
3163,1394,1393,0
3164,1398,1397,1
3165,1403,1402,1
3166,1409,1408,0
3167,1411,1410,0
3168,1413,1412,0
3169,1415,1414,0
3170,1417,1416,0
3171,1419,1418,0
3172,1421,1420,1
3173,1423,1422,1
3174,1427,1426,1
3175,1429,1428,0
3176,1433,1432,0
3177,1438,1437,0
3178,1440,1439,1
3179,1444,1443,0
3180,1448,1447,1
3181,1450,1449,0
3182,1452,1451,1
3183,1454,1453,0
3184,1456,1455,1
3185,1458,1457,1
3186,1460,1459,0
3187,1462,1461,1
3188,1464,1463,0
3189,1468,1467,0
3190,1472,1471,0
3191,1474,1473,1
3192,1476,1475,0
3193,1478,1477,0
3194,1480,1479,0
3195,1482,1481,1
3196,1484,1483,0
3197,1486,1485,0
3198,1488,1487,1
3199,1490,1489,0
3200,1493,1492,0
3201,1495,1494,1
3202,1497,1496,0
3203,1499,1498,0
3204,1501,1500,0
3205,1503,1502,0
3206,1505,1504,0
3207,1510,1509,0
3208,1512,1511,0
3209,1518,1517,0
3210,1520,1519,0
3211,1522,1521,1
3212,1524,1523,0
3213,1526,1525,1
3214,1528,1527,1
3215,1536,1535,1
3216,1538,1537,0
3217,1542,1541,1
3218,1544,1543,0
3219,1546,1545,1
3220,1548,1547,1
3221,1554,1553,0
3222,1556,1555,0
3223,1558,1557,0
3224,1562,1561,1
3225,1564,1563,0
3226,1568,1567,0
3227,1570,1569,1
3228,1572,1571,0
3229,1574,1573,0
3230,1576,1575,0
3231,1578,1577,0
3232,1580,1579,1
3233,1582,1581,0
3234,1584,1583,0
3235,1586,1585,1
3236,1588,1587,0
3237,1590,1589,1
3238,1592,1591,0
3239,1594,1593,0
3240,1598,1597,0
3241,1602,1601,0
3242,1604,1603,0
3243,1606,1605,0
3244,1608,1607,0
3245,1612,1611,0
3246,1614,1613,0
3247,1618,1617,1
3248,1620,1619,1
3249,1624,1623,0
3250,1626,1625,0
3251,1628,1627,1
3252,1630,1629,1
3253,1631,1630,0
3254,1629,1631,0
3255,1633,1632,1
3256,1635,1634,1
3257,1637,1636,0
3258,1641,1640,0
3259,1645,1644,1
3260,1647,1646,0
3261,1650,1649,0
3262,1654,1653,0
3263,1660,1659,1
3264,1663,1662,0
3265,1665,1664,1
3266,1669,1668,0
3267,1671,1670,0
3268,1673,1672,0
3269,1674,1673,0
3270,1672,1674,0
3271,1676,1675,0
3272,1678,1677,0
3273,1680,1679,1
3274,1683,1682,1
3275,1685,1684,0
3276,1687,1686,0
3277,1689,1688,0
3278,1691,1690,0
3279,1695,1694,0
3280,1697,1696,1
3281,1699,1698,0
3282,1703,1702,0
3283,1706,1705,0
3284,1708,1707,1
3285,1710,1709,0
3286,1714,1713,1
3287,1716,1715,0
3288,1718,1717,0
3289,1720,1719,0
3290,1726,1725,0
3291,1728,1727,1
3292,1730,1729,1
3293,1732,1731,0
3294,1735,1734,0
3295,1737,1736,1
3296,1739,1738,1
3297,1745,1744,0
3298,1747,1746,0
3299,1749,1748,1
3300,1751,1750,0
3301,1753,1752,0
3302,1755,1754,0
3303,1757,1756,0
3304,1761,1760,0
3305,1763,1762,0
3306,1765,1764,0
3307,1767,1766,0
3308,1769,1768,0
3309,1771,1770,1
3310,1773,1772,0
3311,1775,1774,0
3312,1777,1776,1
3313,1781,1780,1
3314,1787,1786,0
3315,1789,1788,0
3316,1791,1790,1
3317,1792,1793,0
3318,1795,1794,1
3319,1797,1796,0
3320,1802,1801,1
3321,1804,1803,0
3322,1806,1805,1
3323,1808,1807,0
3324,1810,1809,0
3325,1812,1811,0
3326,1818,1817,0
3327,1820,1819,1
3328,1822,1821,0
3329,1824,1823,1
3330,1826,1825,0
3331,1828,1827,0
3332,1831,1830,0
3333,1833,1832,0
3334,1835,1834,1
3335,1837,1836,0
3336,1838,1837,0
3337,1836,1838,0
3338,1840,1839,1
3339,1844,1843,1
3340,1846,1845,1
3341,1848,1847,0
3342,1850,1849,0
3343,1852,1851,0
3344,1854,1853,0
3345,1859,1858,0
3346,1861,1860,1
3347,1863,1862,0
3348,1865,1864,0
3349,1867,1866,0
3350,1873,1872,0
3351,1879,1878,0
3352,1881,1880,0
3353,1883,1882,1
3354,1885,1884,0
3355,1887,1886,0
3356,1889,1888,0
3357,1891,1890,1
3358,1893,1892,1
3359,1895,1894,0
3360,1897,1896,1
3361,1901,1900,0
3362,1903,1902,1
3363,1905,1904,1
3364,1907,1906,1
3365,1911,1910,0
3366,1914,1913,1
3367,1916,1915,1
3368,1918,1917,0
3369,1922,1921,0
3370,1924,1923,0
3371,1927,1926,0
3372,1929,1928,1
3373,1937,1936,1
3374,1942,1941,0
3375,1945,1944,1
3376,1948,1947,1
3377,1951,1950,0
3378,1958,1957,0
3379,1963,1962,1
3380,1965,1964,0
3381,1975,1974,1
3382,1977,1976,0
3383,1983,1982,1
3384,1992,1991,1
3385,1994,1993,0
3386,1998,1997,1
3387,2000,1999,0
3388,2002,2001,0
3389,2006,2005,0
3390,2009,2008,1
3391,2012,2011,1
3392,2015,2014,0
3393,2018,2017,0
3394,2024,2023,1
3395,2033,2032,0
3396,2038,2037,0
3397,2042,2041,1
3398,2044,2043,0
3399,2047,2046,1
3400,2060,2059,0
3401,2064,2063,0
3402,2069,2068,0
3403,2071,2070,1
3404,2074,2073,0
3405,2077,2076,0
3406,2091,2090,0
3407,2102,2101,0
3408,2106,2105,1
3409,2108,2107,0
3410,2111,2110,0
3411,2113,2112,0
3412,2120,2119,0
3413,2122,2121,0
3414,2128,2127,0
3415,2130,2129,0
3416,2132,2131,0
3417,2135,2134,1
3418,2138,2137,0
3419,2144,2143,1
3420,2146,2145,0
3421,2148,2147,0
3422,2154,2153,0
3423,2158,2157,0
3424,2171,2170,0
3425,2176,2175,0
3426,2178,2177,0
3427,2184,2183,0
3428,2198,2197,1
3429,2207,2206,0
3430,2210,2209,0
3431,2213,2212,0
3432,2215,2214,0
3433,2217,2216,1
3434,2219,2218,0
3435,2222,2221,1
3436,2225,2224,1
3437,2230,2229,1
3438,2234,2233,0
3439,2236,2235,0
3440,2238,2237,0
3441,2247,2246,0
3442,2252,2251,0
3443,2254,2253,1
3444,2258,2257,0
3445,2261,2260,0
3446,2263,2262,0
3447,2274,2273,0
3448,2278,2277,0
3449,2288,2287,0
3450,2290,2289,1
3451,2294,2293,0
3452,2312,2311,0
3453,2314,2313,0
3454,2320,2319,0
3455,2342,2341,1
3456,2344,2343,1
3457,2348,2347,1
3458,2351,2350,1
3459,2355,2354,0
3460,2359,2358,1
3461,2361,2360,0
3462,2364,2363,0
3463,2367,2366,1
3464,2369,2368,0
3465,2371,2370,1
3466,2374,2373,0
3467,2376,2375,0
3468,2379,2378,0
3469,2385,2384,0
3470,2387,2386,0
3471,2390,2389,0
3472,2422,2421,1
3473,2424,2423,1
3474,2441,2440,1
3475,2443,2442,0
3476,2445,2444,0
3477,2454,2453,1
3478,2466,2465,1
3479,2471,2470,1
3480,2490,2489,0
3481,2492,2491,1
3482,2499,2498,0
3483,2501,2500,0
3484,2503,2502,0
3485,2506,2505,0
3486,2520,2519,1
3487,2521,2520,1
3488,2528,2527,1
3489,2534,2533,1
3490,2588,2587,0
3491,2593,2592,0
3492,2595,2594,1
3493,2609,2608,1
3494,2615,2614,0
3495,2630,2629,0
3496,2651,2650,0
3497,2661,2660,0
3498,2663,2662,0
3499,2680,2679,0
3500,2698,2697,0
3501,2702,2701,1
3502,2718,2717,1
3503,2721,2720,1
3504,2734,2733,0
