id,current,real_power_from,reactive_power_from,real_power_to,reactive_power_to,resistance,reactance,susceptance,rateA,rateB,rateC,ratio,angle,angmin,angmax
1,18.80929282605,-11.69050908453912,0.0,11.69050908453912,0.0,0.0303,0.0999,0.0254,0.0,0.0,23.413259815322455,0.0,0.0,-360.0,360.0
2,44.2369349171772,-39.309490915460884,0.0,39.309490915460884,0.0,0.0129,0.0424,0.01082,0.0,0.0,78.58674018467768,0.0,0.0,-360.0,360.0
3,106.863568752438,-104.21716775978483,0.0,104.21716775978483,0.0,0.00176,0.00798,0.0021,0.0,0.0,208.13925450057712,0.0,0.0,-360.0,360.0
4,71.9594066136644,-69.22639840085138,0.0,69.22639840085138,0.0,0.0241,0.108,0.0284,0.0,0.0,138.37946720752618,0.0,0.0,-360.0,360.0
5,88.3902450922353,87.48856824406636,0.0,-87.48856824406636,0.0,0.0119,0.054,0.01426,0.0,0.0,174.84392262930686,0.0,0.0,-360.0,360.0
6,36.22101758614,35.488568244066435,0.0,-35.488568244066435,0.0,0.00459,0.0208,0.0055,0.0,0.0,70.84392262930702,0.0,0.0,-360.0,360.0
7,443.03364508156,-450.0,0.0,450.0,0.0,0.00244,0.0305,1.162,0.0,0.0,900.0,0.0,0.0,-360.0,360.0
8,355.393238467644,338.91738573309345,0.0,-338.91738573309345,0.0,0.0,0.0267,0.0,0.0,0.0,677.0009428792615,0.985,0.0,-360.0,360.0
9,427.573601023909,-450.0,0.0,450.0,0.0,0.00258,0.0322,1.23,0.0,0.0,900.0,0.0,0.0,-360.0,360.0
10,64.3588316808438,65.21716775978479,0.0,-65.21716775978479,0.0,0.0209,0.0688,0.01748,0.0,0.0,130.1392545005769,0.0,0.0,-360.0,360.0
11,77.1285290751481,77.98525132839116,0.0,-77.98525132839116,0.0,0.0203,0.0682,0.01738,0.0,0.0,155.63829854185187,0.0,0.0,-360.0,360.0
12,49.8422387446768,35.94704512031341,0.0,-35.94704512031341,0.0,0.00595,0.0196,0.00502,0.0,0.0,72.31055211807606,0.0,0.0,-360.0,360.0
13,39.2446465855863,-31.69050908453916,0.0,31.69050908453916,0.0,0.0187,0.0616,0.01572,0.0,0.0,63.41325981532238,0.0,0.0,-360.0,360.0
14,16.3210409669673,-9.083092514609557,0.0,9.083092514609557,0.0,0.0484,0.16,0.0406,0.0,0.0,18.20727297715149,0.0,0.0,-360.0,360.0
15,17.9084050039198,16.488568244066304,0.0,-16.488568244066304,0.0,0.00862,0.034,0.00874,0.0,0.0,32.84392262930682,0.0,0.0,-360.0,360.0
16,37.4518035052475,37.255373967862624,0.0,-37.255373967862624,0.0,0.02225,0.0731,0.01876,0.0,0.0,73.46700092435327,0.0,0.0,-360.0,360.0
17,18.6881168711301,20.867215470222998,0.0,-20.867215470222998,0.0,0.0215,0.0707,0.01816,0.0,0.0,40.456477124455894,0.0,0.0,-360.0,360.0
18,4.04792887487232,3.2553739678626714,0.0,-3.2553739678626714,0.0,0.0744,0.2444,0.06268,0.0,0.0,5.467000924353426,0.0,0.0,-360.0,360.0
19,5.36285370113633,6.8672154702230035,0.0,-6.8672154702230035,0.0,0.0595,0.195,0.0502,0.0,0.0,12.45647712445579,0.0,0.0,-360.0,360.0
20,8.74095177990947,8.794796295007469,0.0,-8.794796295007469,0.0,0.0212,0.0834,0.0214,0.0,0.0,19.077464830451014,0.0,0.0,-360.0,360.0
21,109.953151034631,-114.40481296805017,0.0,114.40481296805017,0.0,0.0132,0.0437,0.0444,0.0,0.0,212.06805467148894,0.0,0.0,-360.0,360.0
22,18.1869451282403,-16.205203704992577,0.0,16.205203704992577,0.0,0.0454,0.1801,0.0466,0.0,0.0,30.922535169548976,0.0,0.0,-360.0,360.0
23,84.4176489510002,86.88570636999849,0.0,-86.88570636999849,0.0,0.0123,0.0505,0.01298,0.0,0.0,162.68141910047066,0.0,0.0,-360.0,360.0
24,26.388280962282,26.88570636999854,0.0,-26.88570636999854,0.0,0.01119,0.0493,0.01142,0.0,0.0,42.68141910047059,0.0,0.0,-360.0,360.0
25,12.2805703803885,-11.030512106981751,0.0,11.030512106981751,0.0,0.0252,0.117,0.0298,0.0,0.0,22.061024213963503,0.0,0.0,-360.0,360.0
26,20.0945350232812,18.1142936300015,0.0,-18.1142936300015,0.0,0.012,0.0394,0.0101,0.0,0.0,26.706386727992417,0.0,0.0,-360.0,360.0
27,30.3589512346171,-17.99999999999999,0.0,17.99999999999999,0.0,0.0183,0.0849,0.0216,0.0,0.0,58.06102421396362,0.0,0.0,-360.0,360.0
28,44.7819782091996,-32.00000000000004,0.0,32.00000000000004,0.0,0.0209,0.097,0.0246,0.0,0.0,86.06102421396375,0.0,0.0,-360.0,360.0
29,55.3991159048143,-42.000000000000036,0.0,42.000000000000036,0.0,0.0342,0.159,0.0404,0.0,0.0,106.0610242139637,0.0,0.0,-360.0,360.0
30,13.3175789227064,13.000000000000004,0.0,-13.000000000000004,0.0,0.0135,0.0492,0.0498,0.0,0.0,41.340501828127415,0.0,0.0,-360.0,360.0
31,164.74164138493,-154.17559090833976,0.0,154.17559090833976,0.0,0.0156,0.08,0.0864,0.0,0.0,339.2723106827257,0.0,0.0,-360.0,360.0
32,91.461334839958,65.2736743649383,0.0,-65.2736743649383,0.0,0.0,0.0382,0.0,0.0,0.0,178.55540454845772,0.96,0.0,-360.0,360.0
33,139.655238555182,131.09808345659852,0.0,-131.09808345659852,0.0,0.0318,0.163,0.1764,0.0,0.0,279.2830938657321,0.0,0.0,-360.0,360.0
34,33.9680740715921,17.000000000000004,0.0,-17.000000000000004,0.0,0.01913,0.0855,0.0216,0.0,0.0,66.16639161412746,0.0,0.0,-360.0,360.0
35,17.6555205974219,16.875853714847874,0.0,-16.875853714847874,0.0,0.0237,0.0943,0.0238,0.0,0.0,32.166391614127505,0.0,0.0,-360.0,360.0
36,252.889252520131,224.22204867810294,0.0,-224.22204867810294,0.0,0.0,0.0388,0.0,0.0,0.0,456.5181304351416,0.96,0.0,-360.0,360.0
37,78.1493010296258,83.08261426690639,0.0,-83.08261426690639,0.0,0.00431,0.0504,0.514,0.0,0.0,166.9990571207385,0.0,0.0,-360.0,360.0
38,220.693846580333,248.72632563506173,0.0,-248.72632563506173,0.0,0.00799,0.086,0.908,0.0,0.0,449.4445954515423,0.0,0.0,-360.0,360.0
39,18.8216544168673,-4.273674364938409,0.0,4.273674364938409,0.0,0.0474,0.1563,0.0399,0.0,0.0,26.521093146494152,0.0,0.0,-360.0,360.0
40,12.5245672326773,-24.00000000000002,0.0,24.00000000000002,0.0,0.0108,0.0331,0.0083,0.0,0.0,15.833608385872571,0.0,0.0,-360.0,360.0
41,93.1687141596424,92.17559090833973,0.0,-92.17559090833973,0.0,0.0317,0.1153,0.1173,0.0,0.0,177.87078464063472,0.0,0.0,-360.0,360.0
42,33.4317096078692,-40.27367436493839,0.0,40.27367436493839,0.0,0.0298,0.0985,0.0251,0.0,0.0,61.31251523937908,0.0,0.0,-360.0,360.0
43,13.0689062264422,21.098083456598555,0.0,-21.098083456598555,0.0,0.0229,0.0755,0.01926,0.0,0.0,28.174066537336433,0.0,0.0,-360.0,360.0
44,8.80266450520798,16.41310877613458,0.0,-16.41310877613458,0.0,0.038,0.1244,0.03194,0.0,0.0,23.285145992306123,0.0,0.0,-360.0,360.0
45,11.43445320891,1.7342762626490562,0.0,-1.7342762626490562,0.0,0.0752,0.247,0.0632,0.0,0.0,1.4488300424260903,0.0,0.0,-360.0,360.0
46,4.20457888904693,0.38189386056182684,0.0,-0.38189386056182684,0.0,0.00224,0.0102,0.00268,0.0,0.0,1.387886565303494,0.0,0.0,-360.0,360.0
47,36.9859620054553,-33.38189386056208,0.0,33.38189386056208,0.0,0.011,0.0497,0.01318,0.0,0.0,67.38788656530386,0.0,0.0,-360.0,360.0
48,19.4643926123768,-6.586891223865477,0.0,6.586891223865477,0.0,0.0415,0.142,0.0366,0.0,0.0,22.714854007693955,0.0,0.0,-360.0,360.0
49,31.1061683287614,30.618106139438222,0.0,-30.618106139438222,0.0,0.00871,0.0268,0.00568,0.0,0.0,60.61211343469748,0.0,0.0,-360.0,360.0
50,105.843282397726,-89.61810613943848,0.0,89.61810613943848,0.0,0.00256,0.0094,0.00984,0.0,0.0,184.9925282140218,0.0,0.0,-360.0,360.0
51,279.397408138865,239.89508979433904,0.0,-239.89508979433904,0.0,0.0,0.0375,0.0,0.0,0.0,480.41232391926417,0.935,0.0,-360.0,360.0
52,55.5081735648332,60.28483515647086,0.0,-60.28483515647086,0.0,0.0321,0.106,0.027,0.0,0.0,112.88569585117216,0.0,0.0,-360.0,360.0
53,44.5906648880845,50.02336341400241,0.0,-50.02336341400241,0.0,0.0593,0.168,0.042,0.0,0.0,92.4313592810725,0.0,0.0,-360.0,360.0
54,66.1599886797628,107.58689122386514,0.0,-107.58689122386514,0.0,0.00464,0.054,0.422,0.0,0.0,159.92552213713884,0.0,0.0,-360.0,360.0
55,29.1645579599749,33.28483515647098,0.0,-33.28483515647098,0.0,0.0184,0.0605,0.01552,0.0,0.0,58.88569585117245,0.0,0.0,-360.0,360.0
56,15.9726705543016,22.259068280329092,0.0,-22.259068280329092,0.0,0.0145,0.0487,0.01222,0.0,0.0,36.88306814617088,0.0,0.0,-360.0,360.0
57,13.8949333325683,-4.950869709855604,0.0,4.950869709855604,0.0,0.0555,0.183,0.0466,0.0,0.0,17.566013013925705,0.0,0.0,-360.0,360.0
58,23.7382905469043,-14.740931719671128,0.0,14.740931719671128,0.0,0.041,0.135,0.0344,0.0,0.0,37.11693185382908,0.0,0.0,-360.0,360.0
59,17.0359517611057,-17.999999999999993,0.0,17.999999999999993,0.0,0.0608,0.2454,0.06068,0.0,0.0,28.17075517824931,0.0,0.0,-360.0,360.0
60,2.1953517734053,7.931679284830582,0.0,-7.931679284830582,0.0,0.0413,0.1681,0.04226,0.0,0.0,7.829244821750729,0.0,0.0,-360.0,360.0
61,33.7508609089979,-33.999999999999964,0.0,33.999999999999964,0.0,0.0224,0.0901,0.0224,0.0,0.0,60.17075517824924,0.0,0.0,-360.0,360.0
62,37.0065079620848,-31.164386038312664,0.0,31.164386038312664,0.0,0.04,0.1356,0.0332,0.0,0.0,68.07427627547418,0.0,0.0,-360.0,360.0
63,30.9800296040683,-18.663202530677374,0.0,18.663202530677374,0.0,0.038,0.127,0.0316,0.0,0.0,56.86729000005939,0.0,0.0,-360.0,360.0
64,15.7918562234858,-21.501183507635268,0.0,21.501183507635268,0.0,0.0601,0.189,0.0472,0.0,0.0,29.20698627541477,0.0,0.0,-360.0,360.0
65,14.1926937689378,-16.630546271883407,0.0,16.630546271883407,0.0,0.0191,0.0625,0.01604,0.0,0.0,28.68683812726878,0.0,0.0,-360.0,360.0
66,66.0729990896635,-57.84590071476337,0.0,57.84590071476337,0.0,0.0715,0.323,0.086,0.0,0.0,123.34147243387757,0.0,0.0,-360.0,360.0
67,66.0729990896635,-57.84590071476337,0.0,57.84590071476337,0.0,0.0715,0.323,0.086,0.0,0.0,123.34147243387757,0.0,0.0,-360.0,360.0
68,50.4305194930932,-55.83561396168732,0.0,55.83561396168732,0.0,0.0684,0.186,0.0444,0.0,0.0,98.09647890277495,0.0,0.0,-360.0,360.0
69,34.3361947450705,-41.50118350763525,0.0,41.50118350763525,0.0,0.0179,0.0505,0.01258,0.0,0.0,69.20698627541483,0.0,0.0,-360.0,360.0
70,53.9652408118616,51.278365405862104,0.0,-51.278365405862104,0.0,0.0267,0.0752,0.01874,0.0,0.0,102.12855060466062,0.0,0.0,-360.0,360.0
71,67.9931755186284,63.39740796001445,0.0,-63.39740796001445,0.0,0.0486,0.137,0.0342,0.0,0.0,126.27667992064863,0.0,0.0,-360.0,360.0
72,30.235268844363,28.146492526242028,0.0,-28.146492526242028,0.0,0.0203,0.0588,0.01396,0.0,0.0,56.13065246796991,0.0,0.0,-360.0,360.0
73,11.0380065193483,10.146492526241966,0.0,-10.146492526241966,0.0,0.0405,0.1635,0.04058,0.0,0.0,20.13065246796996,0.0,0.0,-360.0,360.0
74,14.6349201813689,-12.853507473758086,0.0,12.853507473758086,0.0,0.0263,0.122,0.031,0.0,0.0,25.86934753203015,0.0,0.0,-360.0,360.0
75,38.9887945386652,36.09440230902106,0.0,-36.09440230902106,0.0,0.073,0.289,0.0738,0.0,0.0,71.74978821401699,0.0,0.0,-360.0,360.0
76,38.4100607428115,35.84633081548827,0.0,-35.84633081548827,0.0,0.0869,0.291,0.073,0.0,0.0,71.25666252182442,0.0,0.0,-360.0,360.0
77,7.56220484587159,6.9355242980868645,0.0,-6.9355242980868645,0.0,0.0169,0.0707,0.0202,0.0,0.0,13.741060972931487,0.0,0.0,-360.0,360.0
78,19.9277319307197,17.826374220477195,0.0,-17.826374220477195,0.0,0.00275,0.00955,0.00732,0.0,0.0,35.227432571131715,0.0,0.0,-360.0,360.0
79,23.3181513323998,-21.19865523636981,0.0,21.19865523636981,0.0,0.00488,0.0151,0.00374,0.0,0.0,42.0576840882085,0.0,0.0,-360.0,360.0
80,25.9173069174987,-22.278365405862143,0.0,22.278365405862143,0.0,0.0343,0.0966,0.0242,0.0,0.0,44.12855060466052,0.0,0.0,-360.0,360.0
81,36.9816254975772,34.27836540586216,0.0,-34.27836540586216,0.0,0.0474,0.134,0.0332,0.0,0.0,68.12855060466066,0.0,0.0,-360.0,360.0
82,7.98834073197954,-6.250915433772495,0.0,6.250915433772495,0.0,0.0343,0.0966,0.0242,0.0,0.0,12.146027452678533,0.0,0.0,-360.0,360.0
83,19.7025977400146,18.250915433772462,0.0,-18.250915433772462,0.0,0.0255,0.0719,0.01788,0.0,0.0,36.146027452678744,0.0,0.0,-360.0,360.0
84,32.7706578051162,-30.674672867813076,0.0,30.674672867813076,0.0,0.0503,0.2293,0.0598,0.0,0.0,61.83139034025136,0.0,0.0,-360.0,360.0
85,29.635982833833,-28.700973555358942,0.0,28.700973555358942,0.0,0.0825,0.251,0.0569,0.0,0.0,57.826134605872284,0.0,0.0,-360.0,360.0
86,30.9982967148133,-30.14202662089998,0.0,30.14202662089998,0.0,0.0803,0.239,0.0536,0.0,0.0,60.729538853865876,0.0,0.0,-360.0,360.0
87,37.2800203301152,-34.865820465543464,0.0,34.865820465543464,0.0,0.04739,0.2158,0.05646,0.0,0.0,70.20125493885956,0.0,0.0,-360.0,360.0
88,44.1258217994215,-44.04718600168749,0.0,44.04718600168749,0.0,0.0317,0.145,0.0376,0.0,0.0,88.36865481268126,0.0,0.0,-360.0,360.0
89,52.7542184086961,-52.724825363064554,0.0,52.724825363064554,0.0,0.0328,0.15,0.0388,0.0,0.0,105.75095014075768,0.0,0.0,-360.0,360.0
90,113.16490889461,-112.7319877196294,0.0,112.7319877196294,0.0,0.00264,0.0135,0.01456,0.0,0.0,225.86574616850888,0.0,0.0,-360.0,360.0
91,12.2523582305537,-9.31519828205802,0.0,9.31519828205802,0.0,0.0123,0.0561,0.01468,0.0,0.0,18.502908644172493,0.0,0.0,-360.0,360.0
92,29.1615863069389,26.57710666466867,0.0,-26.57710666466867,0.0,0.00824,0.0376,0.0098,0.0,0.0,53.488680806829606,0.0,0.0,-360.0,360.0
93,171.458177385063,149.61148214486352,0.0,-149.61148214486352,0.0,0.0,0.0386,0.0,0.0,0.0,300.46871378541005,0.96,0.0,-360.0,360.0
94,171.458177385063,-149.6114821448635,0.0,149.6114821448635,0.0,0.00172,0.02,0.216,0.0,0.0,300.46871378541033,0.0,0.0,-360.0,360.0
95,34.1431124556827,32.033919747362646,0.0,-32.033919747362646,0.0,0.0,0.0268,0.0,0.0,0.0,65.10537711609643,0.985,0.0,-360.0,360.0
96,197.879860019741,-132.30819857047373,0.0,132.30819857047373,0.0,0.00901,0.0986,1.046,0.0,0.0,320.48680178212516,0.0,0.0,-360.0,360.0
97,197.724561766396,-181.64540189222606,0.0,181.64540189222606,0.0,0.00269,0.0302,0.38,0.0,0.0,365.5740909015067,0.0,0.0,-360.0,360.0
98,129.067736719765,-124.59333828977262,0.0,124.59333828977262,0.0,0.018,0.0919,0.0248,0.0,0.0,251.5764120207208,0.0,0.0,-360.0,360.0
99,129.067736719765,-124.59333828977262,0.0,124.59333828977262,0.0,0.018,0.0919,0.0248,0.0,0.0,251.5764120207208,0.0,0.0,-360.0,360.0
100,41.0591939153299,-36.41414208109866,0.0,36.41414208109866,0.0,0.0482,0.218,0.0578,0.0,0.0,72.59704188421401,0.0,0.0,-360.0,360.0
101,28.3127655280222,-23.32394953629065,0.0,23.32394953629065,0.0,0.0258,0.117,0.031,0.0,0.0,46.41718595312884,0.0,0.0,-360.0,360.0
102,72.3907716541402,-16.075231803065375,0.0,16.075231803065375,0.0,0.0,0.037,0.0,0.0,0.0,27.832948121215473,0.935,0.0,-360.0,360.0
103,53.8536980252017,51.32394953629065,0.0,-51.32394953629065,0.0,0.0224,0.1015,0.02682,0.0,0.0,102.41718595312884,0.0,0.0,-360.0,360.0
104,26.4079508252896,93.12163134036557,0.0,-93.12163134036557,0.0,0.00138,0.016,0.638,0.0,0.0,123.7720554375838,0.0,0.0,-360.0,360.0
105,56.1786661435422,-52.66320253067739,0.0,52.66320253067739,0.0,0.0844,0.2778,0.07092,0.0,0.0,96.18045187279063,0.0,0.0,-360.0,360.0
106,46.5781128680254,-33.45842880968999,0.0,33.45842880968999,0.0,0.0985,0.324,0.0828,0.0,0.0,76.93210539292265,0.0,0.0,-360.0,360.0
107,168.433586709267,-39.86845469374934,0.0,39.86845469374934,0.0,0.0,0.037,0.0,0.0,0.0,130.17032027267598,0.935,0.0,-360.0,360.0
108,105.856610060422,89.00757888461108,0.0,-89.00757888461108,0.0,0.03,0.127,0.122,0.0,0.0,185.05194066155332,0.0,0.0,-360.0,360.0
109,6.94576771092243,1.5331568561900064,0.0,-1.5331568561900064,0.0,0.00221,0.4115,0.10198,0.0,0.0,0.8683068071377562,0.0,0.0,-360.0,360.0
110,21.0858819859194,6.000000000000059,0.0,-6.000000000000059,0.0,0.00882,0.0355,0.00878,0.0,0.0,21.527804979010504,0.0,0.0,-360.0,360.0
111,3.64708096146956,15.601393710742395,0.0,-15.601393710742395,0.0,0.0488,0.196,0.0488,0.0,0.0,14.472195020989517,0.0,0.0,-360.0,360.0
112,10.7856764898907,12.000000000000004,0.0,-12.000000000000004,0.0,0.0446,0.18,0.04444,0.0,0.0,9.527804979010478,0.0,0.0,-360.0,360.0
113,12.4710626425578,6.000000000000009,0.0,-6.000000000000009,0.0,0.00866,0.0454,0.01178,0.0,0.0,12.000000000000018,0.0,0.0,-360.0,360.0
114,21.0467767729389,17.00757888461093,0.0,-17.00757888461093,0.0,0.0401,0.1323,0.03368,0.0,0.0,32.14060016261535,0.0,0.0,-360.0,360.0
115,10.1023571780118,0.7095987111607985,0.0,-0.7095987111607985,0.0,0.0428,0.141,0.036,0.0,0.0,0.2518423270651994,0.0,0.0,-360.0,360.0
116,108.116002861311,94.12928612700685,0.0,-94.12928612700685,0.0,0.0405,0.122,0.124,0.0,0.0,192.92710026338904,0.0,0.0,-360.0,360.0
117,54.6511909015255,-50.992421115389085,0.0,50.992421115389085,0.0,0.0123,0.0406,0.01034,0.0,0.0,103.85939983738469,0.0,0.0,-360.0,360.0
118,68.5773533387173,-65.540498854746,0.0,65.540498854746,0.0,0.0444,0.148,0.0368,0.0,0.0,129.72918162447021,0.0,0.0,-360.0,360.0
119,60.4619335772184,35.87304895426692,0.0,-35.87304895426692,0.0,0.0309,0.101,0.1038,0.0,0.0,80.73808153667001,0.0,0.0,-360.0,360.0
120,37.1152914376712,-39.322636133636216,0.0,39.322636133636216,0.0,0.0601,0.1999,0.04978,0.0,0.0,76.9512756224602,0.0,0.0,-360.0,360.0
121,45.6000101771226,41.143542914544284,0.0,-41.143542914544284,0.0,0.00376,0.0124,0.01264,0.0,0.0,84.7990625514199,0.0,0.0,-360.0,360.0
122,31.4703742227722,-29.856457085455755,0.0,29.856457085455755,0.0,0.00546,0.0244,0.00648,0.0,0.0,57.20093744858007,0.0,0.0,-360.0,360.0
123,102.947851609576,-104.44973607341974,0.0,104.44973607341974,0.0,0.017,0.0485,0.0472,0.0,0.0,203.34722669046985,0.0,0.0,-360.0,360.0
124,48.6001880477694,-48.245830472008166,0.0,48.245830472008166,0.0,0.0294,0.105,0.0228,0.0,0.0,93.92705232845515,0.0,0.0,-360.0,360.0
125,70.5260845611965,-68.85645708545576,0.0,68.85645708545576,0.0,0.0156,0.0704,0.0187,0.0,0.0,135.20093744858013,0.0,0.0,-360.0,360.0
126,44.2422032333139,-51.00991396588505,0.0,51.00991396588505,0.0,0.00175,0.0202,0.808,0.0,0.0,114.05762428974002,0.0,0.0,-360.0,360.0
127,87.8017158999924,-51.00991396588505,0.0,51.00991396588505,0.0,0.0,0.037,0.0,0.0,0.0,114.05762428974002,0.935,0.0,-360.0,360.0
128,17.7071067942848,-18.438062403231573,0.0,18.438062403231573,0.0,0.0298,0.0853,0.08174,0.0,0.0,35.46715924275502,0.0,0.0,-360.0,360.0
129,53.7665582008973,-57.79537979871425,0.0,57.79537979871425,0.0,0.0112,0.03665,0.03796,0.0,0.0,115.33372765009264,0.0,0.0,-360.0,360.0
130,29.267704122904,-31.411264778290338,0.0,31.411264778290338,0.0,0.0625,0.132,0.0258,0.0,0.0,62.711978181382456,0.0,0.0,-360.0,360.0
131,45.1263286871039,-46.38411502042389,0.0,46.38411502042389,0.0,0.043,0.148,0.0348,0.0,0.0,92.62174946871016,0.0,0.0,-360.0,360.0
132,38.2175272980682,-42.41126477829034,0.0,42.41126477829034,0.0,0.0302,0.0641,0.01234,0.0,0.0,84.71197818138246,0.0,0.0,-360.0,360.0
133,18.9652337751257,17.000000000000007,0.0,-17.000000000000007,0.0,0.035,0.123,0.0276,0.0,0.0,34.000000000000014,0.0,0.0,-360.0,360.0
134,15.8089852846713,-3.9999999999999987,0.0,3.9999999999999987,0.0,0.02828,0.2074,0.0445,0.0,0.0,7.999999999999997,0.0,0.0,-360.0,360.0
135,51.7383304350004,-54.988448021887805,0.0,54.988448021887805,0.0,0.02,0.102,0.0276,0.0,0.0,109.8484543138822,0.0,0.0,-360.0,360.0
136,72.3245148453941,-74.80693177682642,0.0,74.80693177682642,0.0,0.0239,0.173,0.047,0.0,0.0,149.48527333621038,0.0,0.0,-360.0,360.0
137,100.220616990491,-102.98844802188782,0.0,102.98844802188782,0.0,0.0139,0.0712,0.01934,0.0,0.0,205.8484543138822,0.0,0.0,-360.0,360.0
138,58.1194697383084,57.41422448589785,0.0,-57.41422448589785,0.0,0.0518,0.188,0.0528,0.0,0.0,114.83929851961253,0.0,0.0,-360.0,360.0
139,110.409924277862,108.26353263138209,0.0,-108.26353263138209,0.0,0.0238,0.0997,0.106,0.0,0.0,216.54752378823625,0.0,0.0,-360.0,360.0
140,4.71462138504936,2.677757117279944,0.0,-2.677757117279944,0.0,0.0254,0.0836,0.0214,0.0,0.0,5.3868223078487745,0.0,0.0,-360.0,360.0
141,200.549781062017,199.72961195388933,0.0,-199.72961195388933,0.0,0.0099,0.0505,0.0548,0.0,0.0,399.63030226102336,0.0,0.0,-360.0,360.0
142,63.4788333316128,63.797251130116464,0.0,-63.797251130116464,0.0,0.0393,0.1581,0.0414,0.0,0.0,127.64914778103528,0.0,0.0,-360.0,360.0
143,11.0746759437092,-7.322242882720017,0.0,7.322242882720017,0.0,0.0387,0.1272,0.03268,0.0,0.0,14.613177692151213,0.0,0.0,-360.0,360.0
144,59.3848534314288,61.26522434764264,0.0,-61.26522434764264,0.0,0.0258,0.0848,0.0218,0.0,0.0,122.57824616584357,0.0,0.0,-360.0,360.0
145,54.8922227704912,55.70573067675657,0.0,-55.70573067675657,0.0,0.0481,0.158,0.0406,0.0,0.0,111.45925882407141,0.0,0.0,-360.0,360.0
146,49.5082235772448,49.26522434764265,0.0,-49.26522434764265,0.0,0.0223,0.0732,0.01876,0.0,0.0,98.5782461658436,0.0,0.0,-360.0,360.0
147,42.2733651382626,46.464177995904315,0.0,-46.464177995904315,0.0,0.0132,0.0434,0.0111,0.0,0.0,92.84186844152212,0.0,0.0,-360.0,360.0
148,27.2562994564794,14.928479662229602,0.0,-14.928479662229602,0.0,0.0356,0.182,0.0494,0.0,0.0,29.373186465218026,0.0,0.0,-360.0,360.0
149,12.056055676614,-14.64268260451731,0.0,14.64268260451731,0.0,0.0162,0.053,0.0544,0.0,0.0,28.133431592662365,0.0,0.0,-360.0,360.0
150,22.3182628856739,26.015372398138254,0.0,-26.015372398138254,0.0,0.0269,0.0869,0.023,0.0,0.0,51.93311040406583,0.0,0.0,-360.0,360.0
151,35.4784275741398,22.23465254824512,0.0,-22.23465254824512,0.0,0.0183,0.0934,0.0254,0.0,0.0,43.98526628185642,0.0,0.0,-360.0,360.0
152,28.9621375253017,23.298776674871977,0.0,-23.298776674871977,0.0,0.0238,0.108,0.0286,0.0,0.0,46.37686118093145,0.0,0.0,-360.0,360.0
153,20.3855040934842,13.976153517884637,0.0,-13.976153517884637,0.0,0.0454,0.206,0.0546,0.0,0.0,27.731845314748792,0.0,0.0,-360.0,360.0
154,35.9315036971561,30.325447171146518,0.0,-30.325447171146518,0.0,0.0648,0.295,0.0472,0.0,0.0,60.73148952737035,0.0,0.0,-360.0,360.0
155,51.2396697842608,2.4914046303566235,0.0,-2.4914046303566235,0.0,0.0178,0.058,0.0604,0.0,0.0,5.262526144327021,0.0,0.0,-360.0,360.0
156,22.1682836877683,4.464177995904335,0.0,-4.464177995904335,0.0,0.0171,0.0547,0.01474,0.0,0.0,8.841868441522127,0.0,0.0,-360.0,360.0
157,23.1917864515122,-7.234652548245123,0.0,7.234652548245123,0.0,0.0173,0.0885,0.024,0.0,0.0,13.985266281856411,0.0,0.0,-360.0,360.0
158,5.65755362052982,-10.701223325128026,0.0,10.701223325128026,0.0,0.0397,0.179,0.0476,0.0,0.0,21.623138819068544,0.0,0.0,-360.0,360.0
159,22.8808533503136,-28.02384648211536,0.0,28.02384648211536,0.0,0.018,0.0813,0.0216,0.0,0.0,56.268154685251204,0.0,0.0,-360.0,360.0
160,27.8933352374557,-16.908218005740295,0.0,16.908218005740295,0.0,0.0277,0.1262,0.0328,0.0,0.0,33.897277832622414,0.0,0.0,-360.0,360.0
161,45.8913939078992,43.90821800574033,0.0,-43.90821800574033,0.0,0.0123,0.0559,0.01464,0.0,0.0,87.89727783262242,0.0,0.0,-360.0,360.0
162,40.6224944000425,-38.908218005740295,0.0,38.908218005740295,0.0,0.0246,0.112,0.0294,0.0,0.0,77.89727783262242,0.0,0.0,-360.0,360.0
163,121.682842397982,113.84375280294508,0.0,-113.84375280294508,0.0,0.016,0.0525,0.0536,0.0,0.0,227.68750560589007,0.0,0.0,-360.0,360.0
164,56.2286775205328,54.04585098304226,0.0,-54.04585098304226,0.0,0.0451,0.204,0.0541,0.0,0.0,108.09170196608449,0.0,0.0,-360.0,360.0
165,34.9413221417864,31.872200621123753,0.0,-31.872200621123753,0.0,0.0466,0.1584,0.0407,0.0,0.0,63.74440124224749,0.0,0.0,-360.0,360.0
166,44.7673791823344,42.21451648629833,0.0,-42.21451648629833,0.0,0.0535,0.1625,0.0408,0.0,0.0,84.42903297259663,0.0,0.0,-360.0,360.0
167,60.0791137819961,58.110396214012695,0.0,-58.110396214012695,0.0,0.0605,0.229,0.062,0.0,0.0,116.22079242802535,0.0,0.0,-360.0,360.0
168,50.1086736618035,47.91805160416605,0.0,-47.91805160416605,0.0,0.00994,0.0378,0.00986,0.0,0.0,95.83610320833196,0.0,0.0,-360.0,360.0
169,10.0260820959811,8.603743726340243,0.0,-8.603743726340243,0.0,0.014,0.0547,0.01434,0.0,0.0,17.207487452680486,0.0,0.0,-360.0,360.0
170,27.8341058739739,26.28586005964703,0.0,-26.28586005964703,0.0,0.053,0.183,0.0472,0.0,0.0,52.57172011929405,0.0,0.0,-360.0,360.0
171,27.3812314608407,24.242964304477077,0.0,-24.242964304477077,0.0,0.0261,0.0703,0.01844,0.0,0.0,48.48592860895419,0.0,0.0,-360.0,360.0
172,25.2528619293281,23.714139940352982,0.0,-23.714139940352982,0.0,0.053,0.183,0.0472,0.0,0.0,47.42827988070595,0.0,0.0,-360.0,360.0
173,25.2122809183595,22.242964304477088,0.0,-22.242964304477088,0.0,0.0105,0.0288,0.0076,0.0,0.0,44.48592860895398,0.0,0.0,-360.0,360.0
174,60.5656049268072,56.75703569552293,0.0,-56.75703569552293,0.0,0.03906,0.1813,0.0461,0.0,0.0,113.51407139104587,0.0,0.0,-360.0,360.0
175,19.8185433389849,14.242964304476976,0.0,-14.242964304476976,0.0,0.0278,0.0762,0.0202,0.0,0.0,28.485928608954175,0.0,0.0,-360.0,360.0
176,36.7068298105354,-36.000000000000014,0.0,36.000000000000014,0.0,0.022,0.0755,0.02,0.0,0.0,71.99999999999996,0.0,0.0,-360.0,360.0
177,78.0123397552247,68.0,0.0,-68.0,0.0,0.0247,0.064,0.062,0.0,0.0,136.00000000000009,0.0,0.0,-360.0,360.0
178,6.27948846628624,-2.966905167410259,0.0,2.966905167410259,0.0,0.00913,0.0301,0.00768,0.0,0.0,2.3250283471394697,0.0,0.0,-360.0,360.0
179,18.9702288819037,6.0000000000000036,0.0,-6.0000000000000036,0.0,0.0615,0.203,0.0518,0.0,0.0,9.674971652860599,0.0,0.0,-360.0,360.0
180,9.90507363071432,7.999999999999997,0.0,-7.999999999999997,0.0,0.0135,0.0612,0.01628,0.0,0.0,17.057364285731545,0.0,0.0,-360.0,360.0
181,22.0378370253568,21.999999999999993,0.0,-21.999999999999993,0.0,0.0164,0.0741,0.01972,0.0,0.0,42.9426357142683,0.0,0.0,-360.0,360.0
182,1.43274743110818,-3.95214274232508,0.0,3.95214274232508,0.0,0.0023,0.0104,0.00276,0.0,0.0,1.0573642857317425,0.0,0.0,-360.0,360.0
183,195.084628436798,184.00000000000003,0.0,-184.00000000000003,0.0,3.4E-4,0.00405,0.164,0.0,0.0,367.9999999999999,0.0,0.0,-360.0,360.0
184,21.0221579240719,19.999999999999996,0.0,-19.999999999999996,0.0,0.0329,0.14,0.0358,0.0,0.0,39.99999999999999,0.0,0.0,-360.0,360.0
185,48.1964804627491,35.459501145253974,0.0,-35.459501145253974,0.0,0.0145,0.0481,0.01198,0.0,0.0,72.2708183755298,0.0,0.0,-360.0,360.0
186,12.5856103141974,-2.4595011452539706,0.0,2.4595011452539706,0.0,0.0164,0.0544,0.01356,0.0,0.0,6.27081837552973,0.0,0.0,-360.0,360.0
