3.7131159761939094,3.907040468437489,3.4343194597298328,5.550467017408962,-0.04639476718481262,-0.04639476718481262,-0.04639476718481262,-0.04639476718481401,-0.04639476718481262,-0.04639476718481262,-0.04639476718481401,-0.04639476718481262,-0.04639476718481262,-0.04639476718481401,-0.04639476718481262,-0.04639476718481262,-0.04639476718481401,-0.04639476718481262,-0.04639476718481262,-0.04639476718481401,-0.04639476718481262,-0.04639476718481262,-0.04639476718481401,-0.04639476718481262,-0.04639476718481262,-0.04639476718481401,-0.04639476718481262,-0.04639476718481262,-0.04639476718481401,-0.04639476718481262,
3.7131159761939094,4.20594581905358,4.634397995341776,4.806028260369475,4.861023045218135,4.868079926400782,5.420174021802699,2.9982580517776722,4.183784600200007,4.183766136588217,4.183766136588214,4.183766136588221,4.184622752859759,4.184622752859763,4.184622752859757,4.667019940547634,4.6670199405476325,4.6021860244140145,4.729783992584697,4.729783992584699,4.7297839925847,4.72001540103586,4.720015401035858,4.72001540103586,4.720015401035856,3.998430811690244,4.886235689316963,4.886235689316963,4.886235689316963,4.886235689316963,
3.7131159761939094,3.8719389857401114,3.399557319644163,5.5113829400431165,5.70861352042207,6.525667679062224,6.546619428754697,7.296701052746026,7.296701052746018,7.367336238883541,7.436220426886616,7.124396672092834,5.632977605468044,7.811974076715846,7.822195205977407,5.788186339519129,5.788186339519133,4.807249735811334,4.807249735811333,3.9504285397595513,3.9646644075562647,3.95445999081952,3.954459990819523,4.099020840743337,4.099020840743337,4.099020840743336,4.099020840743336,4.099020840743336,4.099020840743336,4.099020840743336,
3.7131159761939094,3.696575594808061,4.128328665722901,3.9513516078449413,3.9364221730587463,3.5276790010976726,3.8499280380150505,3.886643132881677,4.050173061533499,5.0874589178675595,5.568825878204052,6.263745980095536,6.263745980095534,7.930687467982092,7.930687467982097,4.950066914050314,5.014766735597823,7.102300795254272,7.102300795254272,7.31739763754283,7.317397637542839,7.317397637542839,7.317397637542839,7.317397637542839,7.317397637542839,7.317397637542839,7.317397637542839,7.317397637542839,7.317397637542839,7.317397637542839,
3.7131159761939094,3.5516200861747755,3.6165006328251628,3.7328622464954693,3.6859530124658986,3.6792005687483735,3.8387840844950274,3.5149321530518995,3.267318433258438,3.87346374502677,3.8704422003117824,-1.8715387365094678,-1.6747920205029356,1881.0947511548325,1881.0947511548325,1881.0947511548325,1881.0947511548325,1881.0947511548325,1881.0947511548325,1881.0947511548325,1881.0947511548325,1881.0947511548325,1881.0947511548325,1881.0947511548325,1881.0947511548325,1881.0947511548325,1881.0947511548325,1881.0947511548325,1881.0947511548325,1881.0947511548325,
3.7131159761939094,3.833224943623044,3.8056792463532076,3.4532673507271703,3.867671734433925,3.869354873523826,4.033850370115389,4.03385037011539,4.098752513188995,6.327220864473437,6.170878633490143,6.184574062613989,5.338617839225307,4.093699783865398,4.0936997838653975,4.09685151340357,4.09685151340357,4.183347004181777,4.183347004181776,4.183347004181776,4.183347004181776,4.183347004181776,4.183347004181776,4.183347004181776,4.183347004181776,4.183347004181776,4.183347004181776,4.183347004181776,4.626382128938352,4.626382128938352,
3.7131159761939094,3.8719389857401114,3.880989679624282,4.065809147135079,3.469666413724301,3.461639180155297,1.6015799735721292,1.6243489817498311,3.8416463430337133,3.355378547965367,5.5917513539303565,1.1905928961484848,1.1934077037873998,1.1934077037874016,1.1934077037874011,1.1934077037873991,1.193407703787401,1.193407703787401,1.2462944028883705,1.2462944028883711,1.2462944028883711,1.2462944028883682,1.2462944028883711,1.2462944028883711,1.2462944028883682,1.2462944028883711,1.2462944028883711,1.2462944028883682,1.2462944028883711,1.2462944028883711,
3.7131159761939094,3.858650212557571,3.8934147644847195,5.637737555594841,-0.7448711843184137,-0.7448711843184116,-0.7448711843184116,-0.7448711843184116,-0.7448711843184116,-0.7448711843184116,-0.7448711843184116,-0.7448711843184116,-0.7448711843184116,-0.7448711843184116,-0.7448711843184116,-0.7448711843184116,-0.7448711843184116,-0.7448711843184116,-0.7448711843184116,-0.7448711843184116,-0.7448711843184116,-0.7448711843184116,-0.7448711843184116,-0.7448711843184116,-0.7448711843184116,-0.7448711843184116,-0.7448711843184116,-0.7448711843184116,-0.7448711843184116,-0.7448711843184116,
3.7131159761939094,3.5516200861747755,5.538984478774988,5.72189357914172,6.418699567174105,6.4111242235642685,6.4254672334776,6.489848380035393,7.700008837225569,5.873683429043439,5.182987797675875,5.006695850621732,5.22074715305752,5.4589018177754,5.384855072111037,4.935045314525874,4.935045314525862,3.1972401078585544,-0.4411950513873949,-0.4411950513873963,-1.542483111754406,-1.733696459701318,-1.7336964597013103,-1.7266002726522538,-1.7266002726522574,-1.7266002726522522,-1.7266002726522547,-1.7266002726522538,-1.7266002726522538,-1.726600272652253,
3.7131159761939094,3.7346921810100664,3.894107089569708,4.493003308689647,4.3502370807849795,-0.5135628165612934,-0.39612209201397336,0.24089302633094148,0.47149814646487737,0.6348166734407191,0.634398267283752,-0.0151050909405797,-0.015105090940575541,-0.015105090940576929,-0.015105090940575541,-0.015105090940576929,-0.015105090940576929,-0.015105090940576929,-0.015105090940576929,-0.015105090940576929,-0.015105090940576929,-0.015105090940576929,-0.015105090940576929,-0.015105090940576929,-0.015105090940576929,-0.015105090940576929,-0.015105090940576929,-0.015105090940576929,-0.015105090940576929,-0.015105090940576929,
3.4560940155784072,3.6207270690404996,3.151187608844503,5.1359023825606345,6.6672558251587795,7.370591862261678,7.055608755470727,5.856809379572083,6.338152791741669,6.3029751374870155,4.575241231296733,4.575241231296733,4.575241231296733,4.914713605612313,4.813953909490761,4.813953909490748,4.813953909490744,3.8590038894987475,3.85900388949875,3.85900388949875,3.85900388949875,3.85900388949875,3.8590038894987475,4.0785160846207,2.463656428483155,2.4636564284831555,2.926968783541132,2.9269687835411315,2.9269687835411315,0.6036907347606348,
3.4560940155784072,3.9639557436108888,4.378907581262301,4.508076441703033,4.508076441703032,4.5080764417030315,5.012994032186065,4.927666386231858,4.548112841810278,4.548112841810277,4.548112841810277,4.548112841810277,4.54811284181028,4.54811284181028,4.54811284181028,4.993255462728015,4.993255462728015,4.934718877362161,4.934718877362159,4.934718877362159,4.934718877362159,4.907242737383366,4.907242737383369,4.907242737383369,4.907242737383369,4.204803712993125,5.0926085910419046,5.0926085910419046,5.0926085910419046,5.0926085910419046,
3.4560940155784072,3.5932128112243658,3.123673351028369,5.108388124744504,5.219491376957077,5.954370673606476,5.954370673606491,6.691303149318979,6.691303149318979,6.762210955772876,6.762210955772868,6.456779750181184,5.0814583098742165,7.239353585330469,7.239353585330477,5.30014157782578,5.30014157782578,4.331661277638162,4.331661277638162,3.524944579701953,3.524944579701953,3.5221640918970736,3.5221640918970736,3.68392018945805,3.68392018945805,3.68392018945805,3.68392018945805,3.68392018945805,3.683920189458049,3.683920189458049,
3.4560940155784072,3.4255233532562475,3.764995727571828,3.5770534461599848,3.5629486414318245,2.999509821105762,3.3254280004042904,3.3541894290841165,3.492995054325736,4.551787598761492,4.924004203387664,5.507856179838471,5.5078561798384715,7.539075692033582,7.539075692033582,5.032490326179973,5.364063496911676,6.298965935936031,6.298965935936031,6.516319594472614,6.516319594472614,6.516319594472614,6.516319594472614,6.516319594472614,6.516319594472614,6.516319594472614,6.516319594472614,6.516319594472614,6.516319594472614,6.516319594472614,
3.4560940155784072,3.2907296832826387,3.2907296832826387,3.3804991532068303,3.293407835402002,3.275162384094245,3.4063780670942427,2.927511166433952,2.6446898183509995,3.1854248365609124,3.1812690035017597,4.7297367958719985,5.319481062344503,5.751188379417658,5.751188379417658,4.527773745271317,5.1124078916127935,5.1124078916127935,5.1124078916127935,5.1124078916127935,5.1124078916127935,5.193505452588402,5.193505452588402,4.38716398917377,4.38716398917377,4.38716398917377,5.569603013564014,5.569603013564014,5.569603013564014,5.569603013564014,
3.4560940155784072,3.546091980925418,3.4784818949545073,3.0094383763362775,3.344322689847787,3.3463232382383175,3.490358751920448,3.490358751920438,3.5612172123347605,3.1380747219624676,2.6681560227754737,5.399863339848658,4.7957169983852355,3.722790169116953,3.5791316325315874,3.5791316325315874,4.5543755349706085,4.639741388629146,4.639741388629146,4.639741388629146,4.639741388629146,4.639741388629146,4.639741388629146,4.639741388629146,4.639741388629146,4.639741388629146,4.639741388629146,4.639741388629146,5.0787657788730405,5.0787657788730405,
3.4560940155784072,3.5932128112243658,3.616774639922243,3.71063205260695,2.8945487551222566,2.8760448106716487,3.4229741124234083,3.444632361990185,5.608743480710566,5.123788379556661,7.349357394265037,0.9150716825214653,0.9150716825214653,0.9150716825214653,0.9150716825214653,0.9150716825214653,0.9150716825214653,0.9150716825214653,0.9581014517287829,0.9581014517287829,0.9581014517287829,0.9581014517287829,0.9581014517287829,0.9581014517287829,0.9581014517287829,0.9581014517287829,0.9581014517287829,0.9581014517287829,0.9581014517287829,0.9581014517287829,
3.4560940155784072,3.5841948397212295,3.5674920572489137,3.2390201013546944,-1.4418308262415909,-1.4418308262415909,-1.4418308262415909,-1.4418308262415909,-1.4418308262415909,-1.4418308262415909,-1.4418308262415909,-1.4418308262415909,-1.4418308262415909,-1.4418308262415909,-1.4418308262415909,-1.4418308262415909,-1.4418308262415909,-1.4418308262415909,-1.4418308262415909,-1.4418308262415909,-1.4418308262415909,-1.4418308262415909,-1.4418308262415909,-1.4418308262415909,-1.4418308262415909,-1.4418308262415909,-1.4418308262415909,-1.4418308262415909,-1.4418308262415909,-1.4418308262415909,
3.4560940155784072,3.2907296832826387,2.936702378365242,3.0648598484802996,3.6112821393079173,3.5835702583056817,3.6090478868401257,3.6090478868401252,7.738458473179472,5.812086856692501,5.14980923363902,4.977622678332316,5.2143963208776345,5.428964446211608,5.211365746047421,4.758435316743122,4.758435316743122,2.0280402692632147,-0.36481482399359294,-0.36481482399359294,-1.4385498789911972,-1.6347105676569065,-1.6347105676569065,-1.634710567656907,-1.634710567656907,-1.634710567656907,-1.634710567656907,-1.634710567656907,-1.634710567656907,-1.634710567656907,
3.4560940155784072,3.4560940155784063,3.593212811224368,4.143067167462748,3.9710287787879937,3.969102671474763,3.859509166670502,4.363820669342355,2.2184294739141035,2.2184294739141017,2.2184294739141035,3.3548197178165413,3.3548197178165418,3.132380693426297,3.132380693426297,1.5162770348897232,1.5162770348897232,1.5162770348897232,1.5162770348897232,1.5162770348897232,1.5162770348897232,1.5162770348897232,1.5162770348897232,1.5162770348897232,1.5162770348897232,1.5162770348897232,1.5162770348897232,1.5162770348897232,1.5162770348897232,1.5162770348897232,
3.7131159761939165,3.9070417115129628,3.434319302257744,5.550239509696051,-0.0467624227944512,-0.0467624227944512,-0.0467624227944512,-0.0467624227944512,-0.0467624227944512,-0.0467624227944512,-0.0467624227944512,-0.0467624227944512,-0.0467624227944512,-0.0467624227944512,-0.0467624227944512,-0.0467624227944512,-0.0467624227944512,-0.0467624227944512,-0.0467624227944512,-0.0467624227944512,-0.0467624227944512,-0.0467624227944512,-0.0467624227944512,-0.0467624227944512,-0.0467624227944512,-0.0467624227944512,-0.0467624227944512,-0.0467624227944512,-0.0467624227944512,-0.0467624227944512,
3.7131159761939165,4.205907415023923,4.634387696281106,4.8060189097351795,4.860851497898608,4.8680696122188545,5.420137924606829,2.9979750957402245,4.183538834164288,4.183538834164288,4.183538834164288,4.183538834164288,4.184374900368666,4.184374900368666,4.184374900368666,4.666574908353216,4.666574908353216,4.601739100741792,4.729549934300448,4.729549934300448,4.729549934300448,4.719794090471673,4.719794090471673,4.719794090471673,4.719794090471673,3.9981997810066456,4.886004638821758,4.886004638821758,4.886004638821758,4.886004638821758,
3.7131159761939165,3.871935736833638,3.3995571625465817,5.5111594649556155,5.708606868270127,6.525037198816076,6.546603871757682,7.296734430589862,7.296734430589864,7.3673989075961535,7.436034042814224,7.124447491746818,5.632857422556746,7.812038499848539,7.822258774803507,5.787846141912867,5.787846141912867,4.8072020810019715,4.8072020810019715,3.95039442798927,3.964614646214547,3.954426260781818,3.954426260781818,4.098994801374152,4.098994801374152,4.098994801374152,4.098994801374152,4.098994801374152,4.098994801374152,4.098994801374152,
3.7131159761939165,3.6965752323573304,4.127830733203381,3.9513479935291413,3.9359748966954027,3.5276336891199733,3.8498838583053923,3.8866019181800766,4.050128443668047,5.087178832369765,5.5687754610189355,6.263699189971947,6.263699189971947,7.930589356312339,7.930589356312347,4.95000672823815,5.01471654373726,31.466863654561305,31.466863654561305,31.68195940557792,31.68195940557792,31.68195940557792,31.68195940557792,31.68195940557792,31.68195940557792,31.68195940557792,31.68195940557792,31.68195940557792,31.68195940557792,31.68195940557792,
3.7131159761939165,3.551619980147199,3.616280899730036,3.7325411394660843,3.6859463013044858,3.6791953462264493,3.838774185185335,3.5149254654366575,3.267286945519236,3.8733881540348976,3.8704361956389635,-1259.4125487377398,-1259.4125487377398,-1259.4125487377398,-1259.4125487377398,-1259.4125487377398,-1259.4125487377398,-1259.4125487377398,-1259.4125487377398,-1259.4125487377398,-1259.4125487377398,-1259.4125487377398,-1259.4125487377398,-1259.4125487377398,-1259.4125487377398,-1259.4125487377398,-1259.4125487377398,-1259.4125487377398,-1259.4125487377398,-1259.4125487377398,
3.7131159761939165,3.8328570823189674,3.8056206202777108,3.4532085123950926,3.867613372151572,3.869039514659625,4.033756844304936,4.033756844304935,4.098683905260788,6.326731293082016,6.170817825902372,6.184511889102725,5.3379377920399245,4.093472835571152,4.093472835571152,4.09662264297559,4.09662264297559,4.1831201658820705,4.1831201658820705,4.1831201658820705,4.1831201658820705,4.1831201658820705,4.1831201658820705,4.1831201658820705,4.1831201658820705,4.1831201658820705,4.1831201658820705,4.1831201658820705,4.626155680542065,4.626155680542065,
3.7131159761939165,3.871935736833638,3.8809885619324307,4.065808819079313,3.4696368993873388,3.461637184230933,1.6016009820880885,1.6245330858581652,3.8414115042395207,3.3555831545680075,5.591669065435102,1.1906294952725496,1.1934438366222457,1.1934438366222457,1.1934438366222457,1.1934438366222457,1.1934438366222457,1.1934438366222457,1.2463433238727508,1.2463433238727508,1.2463433238727508,1.2463433238727508,1.2463433238727508,1.2463433238727508,1.2463433238727508,1.2463433238727508,1.2463433238727508,1.2463433238727508,1.2463433238727508,1.2463433238727508,
3.7131159761939165,3.8586494436376513,3.8934314006754414,5.63771152752472,-0.7449650827819377,-0.7449650827819377,-0.7449650827819377,-0.7449650827819377,-0.7449650827819377,-0.7449650827819377,-0.7449650827819377,-0.7449650827819377,-0.7449650827819377,-0.7449650827819377,-0.7449650827819377,-0.7449650827819377,-0.7449650827819377,-0.7449650827819377,-0.7449650827819377,-0.7449650827819377,-0.7449650827819377,-0.7449650827819377,-0.7449650827819377,-0.7449650827819377,-0.7449650827819377,-0.7449650827819377,-0.7449650827819377,-0.7449650827819377,-0.7449650827819377,-0.7449650827819377,
3.7131159761939165,3.551619980147199,5.538962729394891,5.72189141484469,6.418619033172737,6.41112338827045,6.425404090679745,6.48962854753989,7.700008053855137,5.8736828119201725,5.182731797305105,5.006551530739769,5.220593606319569,5.458756490924178,5.383867677824488,4.934899841545394,4.934899841545398,3.1969877351474243,-0.4412589766072584,-0.4412589766072582,-1.542546329096306,-1.7337596724447788,-1.7337596724447788,-1.7266917109497777,-1.7266917109497777,-1.7266917109497777,-1.7266917109497777,-1.7266917109497777,-1.7266917109497777,-1.7266917109497777,
3.7131159761939165,3.734682838205257,3.8941033695140006,4.492974718600661,4.35023139701142,-0.5135290166455921,-0.39624589683163786,0.24089009177204818,0.47151478141928876,0.63487101888392,0.6344855072807724,-0.015045297721392311,-0.015045297721392311,-0.015045297721392311,-0.015045297721392311,-0.015045297721392311,-0.015045297721392311,-0.015045297721392311,-0.015045297721392311,-0.015045297721392311,-0.015045297721392311,-0.015045297721392311,-0.015045297721392311,-0.015045297721392311,-0.015045297721392311,-0.015045297721392311,-0.015045297721392311,-0.015045297721392311,-0.015045297721392311,-0.015045297721392311,
3.4560940155783975,3.620727069040491,3.151187608844493,5.1359023825606265,6.667255825158742,7.370591862261661,7.055608755470713,5.856809379572081,6.338152791741633,6.302975137487023,4.575241231296739,4.575241231296739,4.575241231296739,4.914713605612322,4.813953909490773,4.813953909490759,4.813953909490754,3.8590038894987515,3.859003889498753,3.859003889498753,3.859003889498753,3.859003889498753,3.8590038894987515,4.078516084620703,2.463656428483161,2.2894489914579697,2.8990347571516955,2.8990347571516955,2.8990347571516955,0.5757567083712077,
3.4560940155783975,3.963955743610894,4.378907581262302,4.508076441702997,4.508076441702996,4.508076441703021,5.012994032186054,4.927666386231865,4.548112841810289,4.5481128418102905,4.5481128418102905,4.5481128418102905,4.5481128418102905,4.5481128418102905,4.5481128418102905,4.993255462728025,4.993255462728025,4.934718877362171,4.93471887736217,4.93471887736217,4.93471887736217,4.907242737383381,4.907242737383379,4.907242737383379,4.907242737383379,4.204803712993136,5.092608591041917,5.092608591041917,5.092608591041917,5.092608591041917,
3.4560940155783975,3.593212811224357,3.123673351028359,5.108388124744491,5.219491376957064,5.95437067360648,5.95437067360648,6.691303149318974,6.691303149318974,6.762210955772868,6.7622109557728685,6.4567797501811866,5.081458309874214,7.239353585330467,7.239353585330472,5.300141577825772,5.300141577825772,4.331661277638156,4.331661277638156,3.5249445797019465,3.4665543357995072,3.463912872384872,3.463912872384872,3.6644104333604828,3.6644104333604828,3.6644104333604828,3.6644104333604828,3.6644104333604828,3.6644104333604828,3.6644104333604828,
3.4560940155783975,3.4255233532562315,3.764995727571816,3.5770534461599737,3.5629486414318223,2.9995098211057534,3.3254280004042878,3.354189429084105,3.492995054325731,4.551787598761477,4.924004203387683,5.507856179838486,5.507856179838477,7.539075692033627,7.539075692033627,5.032490326179946,5.364063496911653,6.298965935936026,6.298965935936026,6.516319594472612,6.516319594472612,6.516319594472612,6.516319594472612,6.516319594472612,6.516319594472612,6.516319594472612,6.516319594472612,6.516319594472612,6.516319594472612,6.516319594472612,
3.4560940155783975,3.2907296832826267,3.2907296832826254,3.3804991532068143,3.293407835401988,3.2751623840942354,3.4063780670942267,2.9275111664339475,2.644689818350992,3.1854248365609,3.181269003501755,4.729736795871987,5.319481062344509,5.751188379417677,5.751188379417677,4.527773745271334,5.112407891612793,5.112407891612793,5.112407891612793,5.112407891612793,5.112407891612793,5.1935054525884015,5.1935054525884015,4.387163989173771,4.387163989173771,4.387163989173771,5.569603013564016,5.569603013564016,5.569603013564016,5.569603013564016,
3.4560940155783975,3.546091980925417,3.478481894954498,3.009438376336267,3.344322689847759,3.3463232382382895,3.4903587519204087,3.4903587519204096,3.5612172123347396,3.138074721962469,2.6681560227754764,2.6681560227754777,4.699375534970607,3.6267535837510856,3.490277973994994,3.490277973994993,1.6927249252144945,1.7780907788730311,1.7780907788730311,1.7780907788730311,1.7780907788730311,1.7780907788730311,1.7780907788730311,1.7780907788730311,1.7780907788730311,1.7780907788730311,1.7780907788730311,1.7780907788730311,1.7780907788730311,1.7780907788730311,
3.4560940155783975,3.593212811224357,3.6167746399222462,3.7106320526069467,2.8945487551222606,2.876044810671645,3.4229741124234105,3.444632361990193,5.6087434807105705,5.123788379556667,7.349357394265037,0.9150716825214705,0.9150716825214705,0.9150716825214705,0.9150716825214705,0.9150716825214705,0.9150716825214705,0.9150716825214705,0.9652594873995182,0.9652594873995182,0.9652594873995182,0.9652594873995182,0.9652594873995182,0.9652594873995182,0.9652594873995182,0.9652594873995182,0.9652594873995182,0.9652594873995182,0.9652594873995182,0.9652594873995182,
3.4560940155783975,3.584194839721218,3.5674920572488866,3.2390201013546887,-1.4092922465566757,-1.4092922465566757,-1.4092922465566757,-1.4092922465566757,-1.4092922465566757,-1.4092922465566757,-1.4092922465566757,-1.4092922465566757,-1.4092922465566757,-1.4092922465566757,-1.4092922465566757,-1.4092922465566757,-1.4092922465566757,-1.4092922465566757,-1.4092922465566757,-1.4092922465566757,-1.4092922465566757,-1.4092922465566757,-1.4092922465566757,-1.4092922465566757,-1.4092922465566757,-1.4092922465566757,-1.4092922465566757,-1.4092922465566757,-1.4092922465566757,-1.4092922465566757,
3.4560940155783975,3.2907296832826267,2.936702378365244,3.0648598484803093,3.611282139307931,3.583570258305694,3.6090478868401346,3.6090478868401332,5.429305757225291,3.502934140738313,2.8406565176848306,2.6684699623781287,2.8618915650102457,2.952654644222511,2.860609621091743,2.4076791917874525,2.4076791917874525,1.5510308817749543,-0.8418242114818586,-0.8418242114818586,-1.9155592664794667,-2.111719955145177,-2.1117199551451766,-2.1117199551451766,-2.1117199551451766,-2.1117199551451766,-2.1117199551451766,-2.1117199551451766,-2.1117199551451766,-2.1117199551451766,
3.4560940155783975,3.456094015578401,3.5932128112243564,4.143067167462736,3.971028778787999,3.9691026714747615,3.859509166670505,4.3638206693423465,2.2184294739141,1.960209341628031,1.9602093416280297,3.144794707481692,3.1447947074816835,2.9334776343109605,2.9334776343109605,1.5060937928475426,1.5060937928475426,1.5060937928475426,1.5060937928475426,1.5060937928475426,1.5060937928475426,1.5060937928475426,1.5060937928475426,1.5060937928475426,1.5060937928475426,1.5060937928475426,1.5060937928475426,1.5060937928475426,1.5060937928475426,1.5060937928475426,
3.7131159761939094,3.7131159761939068,3.7131159761939045,3.713115976193906,3.7131159761939085,3.7131159761939068,3.713115976193912,3.7131159761939143,3.7131159761939116,3.7131159761939116,2.860960553636664,2.5018997327837504,2.1613512389125438,1.8383281566702911,1.531900028509487,1.2411891405840394,0.9653671170088078,0.7036517885867885,0.4553043065790072,0.21962647620060027,0.9641887095627821,0.9641887095627856,0.9641887095627842,0.9641887095627862,0.9641887095627846,
3.7131159761939094,3.7131159761939068,3.7131159761939045,3.713115976193906,3.7131159761939085,3.7131159761939068,3.713115976193912,3.7131159761939143,3.7131159761939116,3.7131159761939116,2.860960553636664,2.5018997327837504,2.1613512389125438,1.8383281566702911,1.531900028509487,1.2411891405840394,0.9653671170088078,0.7036517885867885,0.4553043065790072,0.21962647620060027,0.9641887095627821,0.9641887095627856,0.9641887095627842,0.9641887095627862,0.9641887095627846,
3.7131159761939094,3.7131159761939068,3.7131159761939045,3.713115976193906,3.7131159761939085,3.7131159761939068,3.713115976193912,3.7131159761939143,3.7131159761939116,3.7131159761939116,2.860960553636664,2.5018997327837504,2.1613512389125438,1.8383281566702911,1.531900028509487,1.2411891405840394,0.9653671170088078,0.7036517885867885,0.4553043065790072,0.21962647620060027,0.9641887095627821,0.9641887095627856,0.9641887095627842,0.9641887095627862,0.9641887095627846,
3.7131159761939094,3.7131159761939068,3.7131159761939045,3.713115976193906,3.7131159761939085,3.7131159761939068,3.713115976193912,3.7131159761939143,3.7131159761939116,3.7131159761939116,2.860960553636664,2.5018997327837504,2.1613512389125438,1.8383281566702911,1.531900028509487,1.2411891405840394,0.9653671170088078,0.7036517885867885,0.4553043065790072,0.21962647620060027,0.9641887095627821,0.9641887095627856,0.9641887095627842,0.9641887095627862,0.9641887095627846,
3.7131159761939094,3.7131159761939068,3.7131159761939045,3.713115976193906,3.7131159761939085,3.7131159761939068,3.713115976193912,3.7131159761939143,3.7131159761939116,3.7131159761939116,2.860960553636664,2.5018997327837504,2.1613512389125438,1.8383281566702911,1.531900028509487,1.2411891405840394,0.9653671170088078,0.7036517885867885,0.4553043065790072,0.21962647620060027,0.9641887095627821,0.9641887095627856,0.9641887095627842,0.9641887095627862,0.9641887095627846,
3.7131159761939094,3.7131159761939068,3.7131159761939045,3.713115976193906,3.7131159761939085,3.7131159761939068,3.713115976193912,3.7131159761939143,3.7131159761939116,3.7131159761939116,2.860960553636664,2.5018997327837504,2.1613512389125438,1.8383281566702911,1.531900028509487,1.2411891405840394,0.9653671170088078,0.7036517885867885,0.4553043065790072,0.21962647620060027,0.9641887095627821,0.9641887095627856,0.9641887095627842,0.9641887095627862,0.9641887095627846,
3.7131159761939094,3.7131159761939068,3.7131159761939045,3.713115976193906,3.7131159761939085,3.7131159761939068,3.713115976193912,3.7131159761939143,3.7131159761939116,3.7131159761939116,2.860960553636664,2.5018997327837504,2.1613512389125438,1.8383281566702911,1.531900028509487,1.2411891405840394,0.9653671170088078,0.7036517885867885,0.4553043065790072,0.21962647620060027,0.9641887095627821,0.9641887095627856,0.9641887095627842,0.9641887095627862,0.9641887095627846,
3.7131159761939094,3.7131159761939068,3.7131159761939045,3.713115976193906,3.7131159761939085,3.7131159761939068,3.713115976193912,3.7131159761939143,3.7131159761939116,3.7131159761939116,2.860960553636664,2.5018997327837504,2.1613512389125438,1.8383281566702911,1.531900028509487,1.2411891405840394,0.9653671170088078,0.7036517885867885,0.4553043065790072,0.21962647620060027,0.9641887095627821,0.9641887095627856,0.9641887095627842,0.9641887095627862,0.9641887095627846,
3.7131159761939094,3.7131159761939068,3.7131159761939045,3.713115976193906,3.7131159761939085,3.7131159761939068,3.713115976193912,3.7131159761939143,3.7131159761939116,3.7131159761939116,2.860960553636664,2.5018997327837504,2.1613512389125438,1.8383281566702911,1.531900028509487,1.2411891405840394,0.9653671170088078,0.7036517885867885,0.4553043065790072,0.21962647620060027,0.9641887095627821,0.9641887095627856,0.9641887095627842,0.9641887095627862,0.9641887095627846,
3.7131159761939094,3.7131159761939068,3.7131159761939045,3.713115976193906,3.7131159761939085,3.7131159761939068,3.713115976193912,3.7131159761939143,3.7131159761939116,3.7131159761939116,2.860960553636664,2.5018997327837504,2.1613512389125438,1.8383281566702911,1.531900028509487,1.2411891405840394,0.9653671170088078,0.7036517885867885,0.4553043065790072,0.21962647620060027,0.9641887095627821,0.9641887095627856,0.9641887095627842,0.9641887095627862,0.9641887095627846,
3.7131159761939094,3.7131159761939068,3.7131159761939045,3.713115976193906,3.7131159761939085,3.7131159761939068,3.713115976193912,3.7131159761939143,3.7131159761939116,3.7131159761939116,2.860960553636664,2.5018997327837504,2.1613512389125438,1.8383281566702911,1.531900028509487,1.2411891405840394,0.9653671170088078,0.7036517885867885,0.4553043065790072,0.21962647620060027,0.9641887095627821,0.9641887095627856,0.9641887095627842,0.9641887095627862,0.9641887095627846,
3.7131159761939094,3.7131159761939068,3.7131159761939045,3.713115976193906,3.7131159761939085,3.7131159761939068,3.713115976193912,3.7131159761939143,3.7131159761939116,3.7131159761939116,2.860960553636664,2.5018997327837504,2.1613512389125438,1.8383281566702911,1.531900028509487,1.2411891405840394,0.9653671170088078,0.7036517885867885,0.4553043065790072,0.21962647620060027,0.9641887095627821,0.9641887095627856,0.9641887095627842,0.9641887095627862,0.9641887095627846,
3.7131159761939094,3.7131159761939068,3.7131159761939045,3.713115976193906,3.7131159761939085,3.7131159761939068,3.713115976193912,3.7131159761939143,3.7131159761939116,3.7131159761939116,2.860960553636664,2.5018997327837504,2.1613512389125438,1.8383281566702911,1.531900028509487,1.2411891405840394,0.9653671170088078,0.7036517885867885,0.4553043065790072,0.21962647620060027,0.9641887095627821,0.9641887095627856,0.9641887095627842,0.9641887095627862,0.9641887095627846,
3.7131159761939094,3.7131159761939068,3.7131159761939045,3.713115976193906,3.7131159761939085,3.7131159761939068,3.713115976193912,3.7131159761939143,3.7131159761939116,3.7131159761939116,2.860960553636664,2.5018997327837504,2.1613512389125438,1.8383281566702911,1.531900028509487,1.2411891405840394,0.9653671170088078,0.7036517885867885,0.4553043065790072,0.21962647620060027,0.9641887095627821,0.9641887095627856,0.9641887095627842,0.9641887095627862,0.9641887095627846,
3.7131159761939094,3.7131159761939068,3.7131159761939045,3.713115976193906,3.7131159761939085,3.7131159761939068,3.713115976193912,3.7131159761939143,3.7131159761939116,3.7131159761939116,2.860960553636664,2.5018997327837504,2.1613512389125438,1.8383281566702911,1.531900028509487,1.2411891405840394,0.9653671170088078,0.7036517885867885,0.4553043065790072,0.21962647620060027,0.9641887095627821,0.9641887095627856,0.9641887095627842,0.9641887095627862,0.9641887095627846,
3.7131159761939094,3.7131159761939068,3.7131159761939045,3.713115976193906,3.7131159761939085,3.7131159761939068,3.713115976193912,3.7131159761939143,3.7131159761939116,3.7131159761939116,2.860960553636664,2.5018997327837504,2.1613512389125438,1.8383281566702911,1.531900028509487,1.2411891405840394,0.9653671170088078,0.7036517885867885,0.4553043065790072,0.21962647620060027,0.9641887095627821,0.9641887095627856,0.9641887095627842,0.9641887095627862,0.9641887095627846,
3.7131159761939094,3.7131159761939068,3.7131159761939045,3.713115976193906,3.7131159761939085,3.7131159761939068,3.713115976193912,3.7131159761939143,3.7131159761939116,3.7131159761939116,2.860960553636664,2.5018997327837504,2.1613512389125438,1.8383281566702911,1.531900028509487,1.2411891405840394,0.9653671170088078,0.7036517885867885,0.4553043065790072,0.21962647620060027,0.9641887095627821,0.9641887095627856,0.9641887095627842,0.9641887095627862,0.9641887095627846,
3.7131159761939094,3.7131159761939068,3.7131159761939045,3.713115976193906,3.7131159761939085,3.7131159761939068,3.713115976193912,3.7131159761939143,3.7131159761939116,3.7131159761939116,2.860960553636664,2.5018997327837504,2.1613512389125438,1.8383281566702911,1.531900028509487,1.2411891405840394,0.9653671170088078,0.7036517885867885,0.4553043065790072,0.21962647620060027,0.9641887095627821,0.9641887095627856,0.9641887095627842,0.9641887095627862,0.9641887095627846,
3.7131159761939094,3.7131159761939068,3.7131159761939045,3.713115976193906,3.7131159761939085,3.7131159761939068,3.713115976193912,3.7131159761939143,3.7131159761939116,3.7131159761939116,2.860960553636664,2.5018997327837504,2.1613512389125438,1.8383281566702911,1.531900028509487,1.2411891405840394,0.9653671170088078,0.7036517885867885,0.4553043065790072,0.21962647620060027,0.9641887095627821,0.9641887095627856,0.9641887095627842,0.9641887095627862,0.9641887095627846,
3.7131159761939094,3.7131159761939068,3.7131159761939045,3.713115976193906,3.7131159761939085,3.7131159761939068,3.713115976193912,3.7131159761939143,3.7131159761939116,3.7131159761939116,2.860960553636664,2.5018997327837504,2.1613512389125438,1.8383281566702911,1.531900028509487,1.2411891405840394,0.9653671170088078,0.7036517885867885,0.4553043065790072,0.21962647620060027,0.9641887095627821,0.9641887095627856,0.9641887095627842,0.9641887095627862,0.9641887095627846,
3.7131159761939094,3.7131159761939068,3.7131159761939045,3.713115976193906,3.7131159761939085,3.7131159761939068,3.713115976193912,3.7131159761939143,3.7131159761939116,3.7131159761939116,3.713115976193912,3.9107944114973403,2.860960553636586,2.5018997327836923,2.161351238912488,1.8383281566703065,1.5319000285094408,1.2411891405840605,0.9653671170087899,0.7036517885868023,0.45530430657895393,0.2196264762005841,0.31943263251999304,0.9641887095627752,0.9641887095627807,0.9641887095627794,0.9641887095627807,0.9641887095627883,0.964188709562787,0.9641887095627883,
3.7131159761939094,3.7131159761939068,3.7131159761939045,3.713115976193906,3.7131159761939085,3.7131159761939068,3.713115976193912,3.7131159761939143,3.7131159761939116,3.7131159761939116,3.713115976193912,3.9107944114973403,2.860960553636586,2.5018997327836923,2.161351238912488,1.8383281566703065,1.5319000285094408,1.2411891405840605,0.9653671170087899,0.7036517885868023,0.45530430657895393,0.2196264762005841,0.31943263251999304,0.9641887095627752,0.9641887095627807,0.9641887095627794,0.9641887095627807,0.9641887095627883,0.964188709562787,0.9641887095627883,
