id,from_node_id,to_node_id,status
1,7,8,1
2,26,28,1
3,27,29,1
4,39,41,1
5,42,45,1
6,54,56,1
7,89,91,1
8,90,92,1
9,124,127,1
10,148,149,1
11,154,156,1
12,155,157,1
13,168,170,1
14,182,183,1
15,189,191,1
16,2726,156,1
17,2726,157,1
18,2727,67,1
19,2725,75,1
20,2725,104,1
21,126,2724,1
22,2728,147,1
23,2728,148,1
24,2729,47,1
25,2729,48,1
26,81,2723,1
27,42,23,1
28,26,89,1
29,27,90,1
30,145,30,1
31,134,33,1
32,133,20,1
33,163,21,1
34,40,108,1
35,39,90,1
36,177,82,1
37,202,164,1
38,193,164,1
39,192,163,1
40,206,166,1
41,42,10,1
42,197,18,1
43,99,54,1
44,161,81,1
45,44,9,1
46,184,149,1
47,120,56,1
48,29,92,1
49,28,122,1
50,25,191,1
51,119,63,1
52,121,63,1
53,81,31,1
54,91,28,1
55,12,4,1
56,30,11,1
57,24,4,1
58,17,7,1
59,21,10,1
60,26,5,1
61,17,3,1
62,26,19,1
63,27,20,1
64,13,6,1
65,13,12,1
66,32,13,1
67,23,11,1
68,33,5,1
69,19,4,1
70,26,1,1
71,27,2,1
72,27,24,1
73,25,9,1
74,28,25,1
75,14,29,1
76,8,15,1
77,8,14,1
78,31,29,1
79,62,58,1
80,60,55,1
81,66,34,1
82,50,34,1
83,58,42,1
84,59,43,1
85,59,34,1
86,67,51,1
87,51,38,1
88,36,55,1
89,37,35,1
90,54,37,1
91,66,36,1
92,66,65,1
93,61,42,1
94,62,43,1
95,61,39,1
96,60,40,1
97,46,39,1
98,49,45,1
99,57,53,1
100,41,57,1
101,63,57,1
102,47,64,1
103,52,44,1
104,95,124,1
105,74,105,1
106,105,93,1
107,78,84,1
108,130,129,1
109,106,130,1
110,90,130,1
111,99,118,1
112,80,112,1
113,115,100,1
114,125,73,1
115,107,89,1
116,117,78,1
117,118,77,1
118,78,75,1
119,77,72,1
120,113,77,1
121,102,71,1
122,109,116,1
123,90,68,1
124,85,89,1
125,128,86,1
126,131,75,1
127,132,76,1
128,101,76,1
129,124,103,1
130,125,110,1
131,103,83,1
132,104,94,1
133,111,79,1
134,88,77,1
135,116,107,1
136,108,98,1
137,115,78,1
138,106,87,1
139,97,78,1
140,116,77,1
141,82,96,1
142,123,117,1
143,123,109,1
144,99,70,1
145,100,69,1
146,92,126,1
147,81,126,1
148,121,114,1
149,122,120,1
150,114,127,1
151,172,155,1
152,173,154,1
153,175,154,1
154,176,155,1
155,175,143,1
156,164,139,1
157,136,154,1
158,169,172,1
159,151,173,1
160,153,155,1
161,135,136,1
162,147,142,1
163,152,180,1
164,152,179,1
165,174,146,1
166,174,168,0
167,168,139,1
168,169,166,1
169,168,151,1
170,145,134,1
171,146,133,1
172,163,146,1
173,164,145,1
174,153,142,1
175,158,147,1
176,148,140,1
177,167,140,1
178,167,158,1
179,175,135,1
180,177,176,1
181,180,172,1
182,156,137,1
183,162,138,1
184,160,161,1
185,170,150,1
186,187,192,1
187,196,202,1
188,188,207,1
189,190,193,1
190,192,181,1
191,201,203,1
192,189,200,1
193,207,182,1
194,199,183,1
195,185,191,1
196,194,186,1
197,204,198,1
198,185,204,1
199,186,205,1
200,393,1,1
201,394,2,1
202,246,245,1
203,246,29,1
204,248,3,1
205,249,3,1
206,276,4,1
207,277,5,1
208,342,6,1
209,342,6,0
210,343,9,1
211,354,10,1
212,355,11,1
213,356,12,1
214,361,14,1
215,369,15,1
216,386,17,1
217,385,18,1
218,391,19,1
219,392,20,1
220,398,21,1
221,399,21,1
222,404,23,1
223,405,23,1
224,406,24,1
225,407,24,1
226,413,25,1
227,465,30,1
228,489,31,1
229,490,31,1
230,545,32,1
231,574,33,1
232,575,33,0
233,588,34,1
234,588,34,0
235,593,35,1
236,613,37,1
237,617,38,1
238,665,42,1
239,667,46,1
240,669,48,1
241,696,49,1
242,697,49,0
243,715,50,1
244,731,53,1
245,734,52,1
246,741,55,1
247,759,60,1
248,758,60,1
249,769,61,1
250,768,62,1
251,778,63,1
252,779,64,1
253,807,65,1
254,832,67,1
255,854,68,1
256,884,71,1
257,901,74,1
258,1001,81,1
259,1002,81,1
260,1091,82,1
261,1092,82,1
262,1114,83,1
263,1113,84,1
264,1187,87,1
265,1188,88,1
266,1233,93,1
267,1232,94,1
268,1247,95,1
269,1255,99,1
270,1254,100,1
271,1286,101,1
272,1285,102,1
273,1288,103,1
274,1363,104,1
275,1351,105,1
276,1353,106,1
277,1388,107,1
278,1394,109,1
279,1432,110,1
280,1569,112,1
281,1629,114,1
282,1631,114,1
283,1674,115,1
284,1684,118,1
285,1790,119,1
286,1792,121,1
287,1793,122,1
288,1818,123,1
289,1838,124,1
290,1837,125,1
291,1858,128,1
292,1859,129,1
293,1929,133,1
294,1950,135,1
295,1951,135,1
296,1974,136,1
297,1976,137,1
298,1977,138,1
299,1982,139,1
300,2008,140,1
301,2014,142,1
302,2015,142,1
303,2076,143,1
304,2077,143,1
305,2092,145,1
306,2091,146,1
307,2093,2091,1
308,2093,146,1
309,2103,147,1
310,2145,151,1
311,2153,152,1
312,2154,153,1
313,2170,155,1
314,2171,154,1
315,2177,158,1
316,2178,158,1
317,2209,160,1
318,2212,161,1
319,2213,161,1
320,2214,163,1
321,2233,166,1
322,2234,166,1
323,2235,167,1
324,2236,167,1
325,2238,169,1
326,2237,170,1
327,2238,170,1
328,2251,172,1
329,2252,173,1
330,2257,174,1
331,2319,175,1
332,2320,176,1
333,2423,177,1
334,2445,180,1
335,2444,180,1
336,2466,181,1
337,2489,184,1
338,2498,185,1
339,2499,186,1
340,2502,188,1
341,2503,187,1
342,2519,189,1
343,2521,190,1
344,2520,191,1
345,2527,192,1
346,2528,193,1
347,2593,195,1
348,2594,196,1
349,2595,197,1
350,2660,198,1
351,2680,201,1
352,2679,200,1
353,2697,202,1
354,2697,203,1
355,2717,204,1
356,2718,204,1
357,2720,206,1
358,2721,207,1
359,2584,349,1
360,2082,292,1
361,2117,315,1
362,1928,419,1
363,2064,220,1
364,2377,523,1
365,1263,242,1
366,1273,439,1
367,676,380,1
368,628,405,1
369,774,463,1
370,828,1279,1
371,677,1575,1
372,741,1654,1
373,767,1361,1
374,1738,597,1
375,2203,1149,1
376,2416,1148,1
377,2422,984,0
378,2651,2152,0
379,2485,2357,0
380,2686,2011,0
381,2672,2214,1
382,2608,2215,1
383,2613,2214,1
384,2561,2091,1
385,2559,1933,1
386,2578,2215,1
387,1688,790,1
388,2648,2202,0
389,664,452,1
390,1291,2074,1
391,523,1213,1
392,664,463,1
393,665,252,1
394,510,1017,1
395,2533,2388,0
396,762,380,1
397,710,333,1
398,695,452,1
399,2551,254,1
400,2584,240,1
401,728,479,1
402,828,1668,1
403,1768,709,1
404,1706,709,1
405,1592,740,1
406,760,333,1
407,2670,372,1
408,2456,336,1
409,665,470,1
410,712,448,1
411,2539,2331,0
412,658,1021,1
413,2583,2388,1
414,2580,347,1
415,1519,2134,0
416,428,356,1
417,317,219,1
418,565,518,1
419,427,565,1
420,565,569,1
421,346,342,1
422,345,343,1
423,388,342,1
424,476,343,1
425,261,404,1
426,262,405,1
427,459,343,1
428,480,404,1
429,518,459,1
430,426,348,1
431,370,239,1
432,425,237,1
433,480,273,1
434,462,450,1
435,465,253,1
436,288,276,1
437,303,277,1
438,330,392,1
439,331,330,1
440,334,259,1
441,376,277,1
442,577,430,1
443,389,315,1
444,338,238,1
445,385,327,1
446,386,373,1
447,373,289,1
448,390,354,1
449,418,374,1
450,535,465,1
451,585,328,1
452,465,222,1
453,464,478,1
454,454,426,1
455,291,402,1
456,491,455,1
457,536,294,1
458,272,320,1
459,320,352,1
460,568,517,1
461,210,354,1
462,210,361,1
463,550,354,1
464,559,503,1
465,560,504,1
466,504,494,1
467,495,355,1
468,545,357,1
469,533,355,1
470,527,354,1
471,543,532,1
472,537,563,1
473,491,354,1
474,492,354,1
475,537,526,1
476,540,550,1
477,538,537,1
478,539,536,1
479,560,544,1
480,560,501,1
481,540,503,1
482,518,343,1
483,567,275,1
484,528,275,1
485,342,274,1
486,339,274,1
487,536,339,1
488,552,340,1
489,541,496,1
490,496,563,1
491,533,563,0
492,356,362,1
493,519,362,1
494,351,507,1
495,559,351,1
496,546,272,1
497,504,421,1
498,354,579,1
499,356,516,1
500,525,545,1
501,532,527,1
502,547,492,1
503,507,580,1
504,543,536,1
505,552,501,1
506,549,532,1
507,549,536,1
508,534,533,1
509,537,534,1
510,519,580,1
511,352,508,1
512,521,579,1
513,520,515,1
514,560,546,1
515,559,219,1
516,537,505,1
517,502,340,1
518,505,502,1
519,544,518,1
520,551,517,1
521,548,404,1
522,526,405,1
523,517,497,1
524,518,402,1
525,545,542,1
526,342,567,1
527,530,524,1
528,422,531,1
529,551,528,1
530,508,361,1
531,470,333,1
532,358,296,1
533,411,344,1
534,584,466,1
535,522,427,1
536,411,252,1
537,466,450,1
538,381,239,1
539,416,381,1
540,253,231,1
541,423,231,1
542,451,450,1
543,522,436,1
544,557,437,1
545,529,522,1
546,484,211,1
547,428,424,1
548,425,386,1
549,513,239,1
550,385,383,1
551,570,383,1
552,556,553,1
553,476,293,1
554,420,348,1
555,382,385,1
556,420,382,1
557,386,384,1
558,384,338,1
559,557,338,1
560,500,338,1
561,318,374,1
562,390,222,1
563,267,424,1
564,267,423,1
565,558,211,1
566,559,497,1
567,529,484,1
568,454,239,1
569,293,282,1
570,358,345,1
571,450,296,1
572,513,318,1
573,498,239,1
574,452,451,1
575,319,317,1
576,570,396,1
577,553,396,1
578,584,500,1
579,244,385,1
580,364,244,1
581,344,475,1
582,498,291,1
583,416,374,1
584,294,404,1
585,455,405,1
586,281,388,1
587,324,314,1
588,313,276,1
589,321,307,1
590,435,276,1
591,511,277,1
592,332,276,1
593,306,241,1
594,311,241,1
595,481,311,1
596,308,312,1
597,583,310,1
598,308,583,1
599,574,310,1
600,566,329,1
601,300,566,1
602,574,566,1
603,445,309,1
604,445,392,1
605,575,481,1
606,574,446,1
607,392,236,1
608,314,236,1
609,325,309,1
610,337,277,1
611,326,309,1
612,329,326,1
613,337,306,1
614,312,300,1
615,471,259,1
616,446,471,1
617,313,307,1
618,229,574,1
619,287,276,1
620,391,287,1
621,391,350,1
622,230,575,1
623,512,313,1
624,332,322,1
625,512,322,1
626,429,350,1
627,469,392,1
628,469,324,1
629,391,321,1
630,305,391,1
631,295,391,1
632,295,305,1
633,575,389,1
634,511,314,1
635,574,435,1
636,301,575,1
637,486,406,1
638,431,258,1
639,443,431,1
640,415,407,1
641,482,465,1
642,586,218,1
643,586,359,1
644,573,331,1
645,284,234,1
646,576,467,1
647,573,449,1
648,449,419,1
649,397,419,1
650,573,299,1
651,447,299,1
652,489,456,1
653,456,447,1
654,375,288,1
655,379,486,1
656,457,375,1
657,499,458,1
658,278,467,1
659,444,485,1
660,487,444,1
661,488,486,1
662,464,328,1
663,433,376,1
664,443,438,1
665,485,223,1
666,473,407,1
667,473,223,1
668,509,490,1
669,489,243,1
670,441,394,1
671,393,232,1
672,442,264,1
673,394,212,1
674,233,379,1
675,403,363,1
676,232,213,1
677,415,212,1
678,581,433,1
679,581,448,1
680,578,213,1
681,359,273,1
682,409,406,1
683,464,228,1
684,409,393,1
685,304,487,1
686,394,264,1
687,393,265,1
688,234,245,1
689,441,245,1
690,283,265,1
691,394,561,1
692,561,257,1
693,227,499,1
694,221,278,1
695,523,490,1
696,335,328,1
697,573,576,1
698,233,363,1
699,218,482,1
700,479,403,1
701,572,523,1
702,572,278,1
703,401,412,1
704,399,395,1
705,400,365,1
706,414,366,1
707,412,268,1
708,562,297,1
709,562,268,1
710,562,460,1
711,315,298,1
712,263,237,1
713,378,263,1
714,468,413,1
715,224,468,1
716,400,251,1
717,434,371,1
718,472,395,1
719,472,418,1
720,461,298,1
721,585,297,1
722,483,240,1
723,417,398,1
724,432,398,1
725,269,400,1
726,399,368,1
727,413,367,1
728,410,360,1
729,370,237,1
730,582,240,1
731,432,412,1
732,371,235,1
733,235,237,1
734,298,292,1
735,414,360,1
736,413,400,1
737,434,413,1
738,414,398,1
739,483,336,1
740,535,269,1
741,349,378,1
742,478,251,1
743,582,224,1
744,417,410,1
745,216,214,1
746,226,369,1
747,226,208,1
748,270,226,1
749,279,217,1
750,514,279,1
751,256,255,1
752,571,327,1
753,373,323,1
754,225,289,1
755,377,247,1
756,477,248,1
757,474,209,1
758,280,327,1
759,249,247,1
760,256,249,1
761,217,214,1
762,571,555,1
763,555,302,1
764,474,440,1
765,554,248,1
766,408,372,1
767,477,209,1
768,387,353,1
769,290,217,1
770,260,250,1
771,462,208,1
772,271,250,1
773,377,271,1
774,453,271,1
775,327,323,1
776,506,260,1
777,408,289,1
778,555,238,1
779,353,290,1
780,254,554,1
781,255,387,1
782,271,440,1
783,341,214,1
784,493,214,1
785,316,270,1
786,316,341,1
787,369,302,1
788,369,217,1
789,215,369,1
790,249,225,1
791,514,280,1
792,215,216,1
793,564,245,1
794,564,285,1
795,564,266,1
796,286,561,1
797,357,355,1
798,604,839,1
799,794,626,1
800,764,590,1
801,835,605,1
802,723,598,1
803,783,730,1
804,737,731,1
805,632,629,1
806,731,729,1
807,724,617,1
808,736,730,1
809,736,731,1
810,751,680,1
811,796,603,1
812,624,594,1
813,698,823,1
814,793,624,1
815,834,641,1
816,746,745,1
817,746,621,1
818,789,587,1
819,774,621,1
820,746,662,1
821,720,662,1
822,748,720,1
823,592,748,1
824,704,588,1
825,704,700,1
826,703,700,1
827,829,703,1
828,829,587,1
829,608,587,1
830,608,605,1
831,786,696,1
832,787,786,1
833,789,787,1
834,789,590,1
835,803,590,1
836,803,595,1
837,697,683,1
838,683,595,1
839,724,595,1
840,692,696,1
841,705,692,1
842,691,690,1
843,702,690,1
844,697,686,1
845,701,684,1
846,696,693,1
847,699,693,1
848,701,699,1
849,697,682,1
850,682,653,1
851,760,653,1
852,710,602,1
853,602,601,1
854,695,601,1
855,738,696,1
856,705,588,1
857,702,696,1
858,702,697,1
859,702,588,1
860,685,587,1
861,824,601,1
862,824,823,1
863,685,588,1
864,686,684,1
865,726,605,1
866,823,738,1
867,697,693,1
868,702,691,0
869,695,638,1
870,646,638,1
871,824,646,1
872,638,601,1
873,746,650,1
874,592,588,1
875,747,748,1
876,726,747,1
877,630,696,1
878,604,745,1
879,691,705,1
880,764,617,1
881,719,642,1
882,764,618,1
883,764,675,1
884,715,675,1
885,813,714,1
886,813,598,1
887,836,714,1
888,837,832,1
889,837,836,1
890,832,715,1
891,832,817,1
892,719,681,1
893,834,715,1
894,617,610,1
895,618,611,1
896,755,719,1
897,755,603,1
898,751,755,1
899,708,618,1
900,826,708,1
901,618,612,1
902,617,615,1
903,620,615,1
904,620,612,1
905,820,816,1
906,642,647,1
907,647,794,1
908,599,598,1
909,814,599,1
910,826,698,1
911,635,832,1
912,634,635,1
913,749,634,1
914,819,749,1
915,832,819,1
916,648,832,1
917,754,755,1
918,750,754,1
919,756,750,1
920,755,756,1
921,711,755,1
922,711,755,1
923,816,681,1
924,817,816,1
925,794,814,1
926,637,593,1
927,795,689,1
928,689,687,1
929,784,687,1
930,808,773,1
931,807,723,1
932,807,783,1
933,808,631,1
934,631,627,1
935,737,627,1
936,626,773,1
937,707,706,1
938,812,807,1
939,727,649,1
940,649,613,1
941,707,613,1
942,707,614,1
943,800,775,1
944,778,775,1
945,808,594,1
946,777,594,1
947,782,594,1
948,782,776,1
949,776,766,1
950,781,778,1
951,779,652,1
952,721,652,1
953,721,614,1
954,753,707,1
955,740,632,1
956,801,741,1
957,741,716,1
958,716,614,1
959,791,594,1
960,791,767,1
961,809,593,1
962,809,671,1
963,669,591,1
964,792,591,1
965,688,792,1
966,671,633,1
967,659,633,1
968,722,659,1
969,815,613,1
970,781,763,1
971,821,796,1
972,833,821,1
973,833,792,1
974,779,593,1
975,808,641,1
976,727,811,1
977,815,636,1
978,818,636,1
979,818,631,1
980,804,792,1
981,706,614,1
982,779,680,1
983,732,753,1
984,732,740,1
985,680,637,1
986,779,763,1
987,766,763,1
988,801,632,1
989,669,609,1
990,811,812,1
991,804,793,1
992,609,591,1
993,668,671,1
994,670,668,1
995,835,808,1
996,589,737,1
997,661,732,1
998,800,777,1
999,672,670,1
1000,658,722,1
1001,729,661,1
1002,669,672,1
1003,796,688,1
1004,795,778,1
1005,784,626,1
1006,597,722,1
1007,669,639,1
1008,839,768,1
1009,771,769,1
1010,771,770,1
1011,770,744,1
1012,743,679,1
1013,679,665,1
1014,768,761,1
1015,772,761,1
1016,772,765,1
1017,645,622,1
1018,665,622,1
1019,768,616,1
1020,752,616,1
1021,762,752,1
1022,830,788,1
1023,830,600,0
1024,802,768,1
1025,769,640,1
1026,806,640,1
1027,806,802,1
1028,600,802,1
1029,798,600,1
1030,798,673,1
1031,674,673,1
1032,802,730,1
1033,802,663,1
1034,735,663,1
1035,735,731,1
1036,730,694,1
1037,733,730,0
1038,733,730,0
1039,734,733,1
1040,622,596,1
1041,822,664,1
1042,822,713,1
1043,713,628,1
1044,810,600,1
1045,827,810,1
1046,827,667,1
1047,717,667,1
1048,728,717,1
1049,654,667,1
1050,656,655,1
1051,758,655,1
1052,657,667,1
1053,678,657,1
1054,666,678,1
1055,758,717,1
1056,825,759,1
1057,825,644,1
1058,643,644,1
1059,759,718,1
1060,718,619,1
1061,785,619,1
1062,785,606,1
1063,607,606,1
1064,839,694,1
1065,761,757,1
1066,780,769,1
1067,780,757,1
1068,838,600,1
1069,838,797,1
1070,797,739,1
1071,762,623,1
1072,805,607,1
1073,629,805,1
1074,742,606,1
1075,742,831,1
1076,831,677,1
1077,712,596,1
1078,676,674,1
1079,788,769,1
1080,802,725,1
1081,742,660,1
1082,830,799,1
1083,739,799,1
1084,759,651,1
1085,743,744,1
1086,656,654,1
1087,643,790,1
1088,765,645,1
1089,651,666,1
1090,625,831,1
1091,1858,1273,1
1092,1272,1273,1
1093,984,1492,1
1094,983,984,1
1095,1017,986,1
1096,1016,1017,1
1097,1021,1360,1
1098,1020,1021,1
1099,1144,900,1
1100,1600,1348,1
1101,901,1600,1
1102,1599,1600,1
1103,1327,1247,1
1104,1717,1327,1
1105,1325,1327,1
1106,1328,1246,1
1107,1718,1328,1
1108,1326,1328,1
1109,1888,1630,1
1110,1629,1301,1
1111,1014,884,1
1112,1013,885,1
1113,1217,1632,1
1114,1351,1217,1
1115,1216,1217,1
1116,898,1412,1
1117,1859,898,1
1118,898,896,1
1119,1264,1413,1
1120,1560,1206,1
1121,1056,1560,1
1122,1351,1056,1
1123,1559,1560,1
1124,1056,1055,1
1125,1711,975,1
1126,1353,1711,1
1127,1711,1709,1
1128,1712,976,1
1129,1353,1712,1
1130,1712,1710,1
1131,1888,1364,1
1132,1674,1307,1
1133,1673,1851,1
1134,1321,1180,1
1135,1590,1321,1
1136,1321,1319,1
1137,1322,928,1
1138,1766,1322,1
1139,1322,1320,1
1140,1353,840,1
1141,1352,841,1
1142,1421,1007,1
1143,992,1008,1
1144,1353,992,1
1145,992,991,1
1146,1397,1233,1
1147,1463,1337,1
1148,1494,1781,1
1149,1667,1863,1
1150,1010,1667,1
1151,1666,1667,1
1152,1440,1771,1
1153,1387,1293,1
1154,1222,1449,0
1155,1068,990,1
1156,1746,1502,1
1157,1119,1432,1
1158,1497,1432,1
1159,1588,1313,1
1160,1750,962,1
1161,1750,1332,1
1162,1336,1247,1
1163,1889,1004,1
1164,1483,1267,1
1165,1568,1267,1
1166,1803,1015,1
1167,1211,1013,1
1168,848,1804,1
1169,1013,1690,1
1170,1886,939,1
1171,879,1215,1
1172,1175,1714,1
1173,1013,1175,1
1174,1174,1175,1
1175,1690,1224,1
1176,1208,970,1
1177,1487,1645,1
1178,1738,1805,1
1179,1739,960,1
1180,1554,1388,1
1181,1209,884,1
1182,1201,885,1
1183,1866,884,1
1184,1867,885,1
1185,1749,1791,1
1186,1078,1790,1
1187,1544,1429,1
1188,1125,1102,1
1189,1129,1125,1
1190,1858,1129,1
1191,1123,1125,1
1192,1127,1129,1
1193,985,855,1
1194,1262,1234,1
1195,1365,1135,1
1196,1858,1204,1
1197,1859,1134,1
1198,1242,854,1
1199,1510,1262,1
1200,903,1234,1
1201,1279,1205,1
1202,1610,1130,1
1203,1859,1610,1
1204,1610,1609,1
1205,1128,1131,1
1206,1858,1128,1
1207,1126,1128,1
1208,1124,855,1
1209,1101,1124,1
1210,1122,1124,1
1211,1919,854,1
1212,1920,855,1
1213,1676,854,1
1214,1234,1740,1
1215,1235,1741,1
1216,1573,1416,1
1217,1553,1416,0
1218,1870,1417,1
1219,1869,1870,1
1220,1450,1869,1
1221,1553,1870,0
1222,1222,1869,0
1223,1918,1294,1
1224,1858,1133,1
1225,1132,854,1
1226,1623,855,1
1227,1689,1278,1
1228,1917,1689,1
1229,1688,1669,1
1230,1720,1484,1
1231,1879,1263,1
1232,1364,1311,1
1233,1312,897,1
1234,1719,1003,1
1235,1567,1509,1
1236,1263,1212,1
1237,1858,1636,1
1238,1878,1243,1
1239,950,1235,1
1240,1858,950,1
1241,949,950,1
1242,1858,902,1
1243,1265,1859,1
1244,1859,1574,1
1245,1639,1624,1
1246,1637,1639,1
1247,1638,1639,1
1248,1235,1675,1
1249,1449,1553,1
1250,957,854,1
1251,958,855,1
1252,1248,933,1
1253,1902,932,1
1254,1249,851,1
1255,934,1695,1
1256,1285,1221,1
1257,1819,1285,1
1258,1047,935,1
1259,1662,1024,1
1260,1871,1428,1
1261,1812,1871,1
1262,1695,1811,1
1263,1926,1725,1
1264,1408,1314,1
1265,1426,846,1
1266,1048,1410,1
1267,1715,1286,1
1268,1747,1694,1
1269,1820,847,1
1270,1025,1286,1
1271,1496,1695,1
1272,1220,1569,1
1273,1887,1014,1
1274,1240,1014,1
1275,1814,1570,1
1276,853,1814,1
1277,1813,1814,1
1278,1884,1225,1
1279,1753,1884,1
1280,1606,1285,1
1281,1926,1285,1
1282,1841,1812,1
1283,1607,1927,1
1284,1285,1027,1
1285,1663,1927,1
1286,1249,1716,1
1287,1885,1569,1
1288,1015,1569,1
1289,1014,1570,1
1290,1248,1569,1
1291,1428,1118,1
1292,1026,1427,1
1293,1831,1726,1
1294,1409,1605,1
1295,1830,1608,1
1296,1241,1903,1
1297,1411,1286,1
1298,1694,1285,1
1299,1752,879,1
1300,1015,1383,1
1301,1384,969,1
1302,1286,989,1
1303,944,1006,1
1304,967,944,1
1305,942,944,1
1306,1640,1335,1
1307,952,1640,1
1308,1539,952,1
1309,1594,1539,1
1310,951,952,1
1311,1537,1539,1
1312,1482,1067,1
1313,1756,1363,1
1314,1868,921,1
1315,1891,1868,1
1316,1912,1868,1
1317,865,1912,1
1318,1910,1912,1
1319,856,1115,1
1320,1587,1287,1
1321,1433,1545,1
1322,1433,1194,1
1323,1195,921,1
1324,1850,1432,1
1325,1200,1432,1
1326,1585,1200,1
1327,1200,1198,1
1328,1433,1186,1
1329,1515,1170,1
1330,1099,1515,1
1331,1185,1099,1
1332,1515,1513,1
1333,1099,1097,1
1334,1406,1630,1
1335,1451,1406,1
1336,1404,1406,1
1337,1083,1629,1
1338,868,1083,1
1339,1081,1083,1
1340,1415,1630,1
1341,1414,1629,1
1342,1631,1761,1
1343,1670,1718,1
1344,1190,1232,1
1345,1378,1477,1
1346,1809,1794,1
1347,1436,1619,1
1348,1641,1436,1
1349,1434,1436,1
1350,1836,1640,1
1351,1143,947,1
1352,1736,1283,1
1353,1876,1475,1
1354,995,1876,1
1355,1874,1876,1
1356,995,1612,1
1357,1435,1619,1
1358,940,1369,1
1359,1084,1418,1
1360,1630,1084,1
1361,1084,1082,1
1362,1136,975,1
1363,1837,1323,1
1364,1565,1737,1
1365,1407,1565,1
1366,869,1407,1
1367,1565,1563,1
1368,1405,1407,1
1369,1736,1145,1
1370,1232,1827,1
1371,1232,1034,1
1372,1478,1005,1
1373,1837,1471,1
1374,1620,1838,1
1375,1100,980,1
1376,1516,1100,1
1377,1838,1516,1
1378,1100,1098,1
1379,1514,1516,1
1380,1196,920,1
1381,1909,1196,1
1382,1906,1909,1
1383,1194,1196,0
1384,1908,1909,1
1385,1252,1114,1
1386,1834,1252,1
1387,1252,1250,1
1388,924,1114,1
1389,1883,924,1
1390,922,924,1
1391,1271,1114,1
1392,1717,1271,1
1393,1271,1268,1
1394,1318,1114,1
1395,1718,1318,1
1396,1317,1318,1
1397,1362,1288,1
1398,1362,1288,1
1399,1140,1113,1
1400,1362,1140,1
1401,1138,1140,1
1402,1652,1115,1
1403,1141,1652,1
1404,1363,1141,1
1405,1651,1652,1
1406,1137,1141,1
1407,1033,1873,1
1408,1419,1033,1
1409,1032,1033,1
1410,1151,1525,1
1411,1381,975,1
1412,1809,1795,1
1413,1611,928,1
1414,1340,928,1
1415,1341,929,1
1416,1839,1655,1
1417,1840,1656,1
1418,1622,1113,1
1419,1840,1622,1
1420,1621,1622,1
1421,1839,1113,1
1422,1253,1113,1
1423,1470,1253,1
1424,1848,1470,1
1425,1253,1251,1
1426,1468,1470,1
1427,1296,1113,1
1428,1784,1412,1
1429,1822,1784,1
1430,1782,1784,1
1431,1785,1413,1
1432,1598,1785,1
1433,1783,1785,1
1434,1839,1703,1
1435,1232,1007,1
1436,1412,1146,1
1437,1413,1147,1
1438,1029,1628,1
1439,1717,1029,1
1440,1029,1028,1
1441,1379,1625,1
1442,976,1277,1
1443,1839,1369,1
1444,888,1414,1
1445,1873,888,1
1446,888,886,1
1447,1239,1415,1
1448,1618,1239,1
1449,1238,1239,1
1450,1233,1799,1
1451,1800,1232,1
1452,929,1800,1
1453,1798,1800,1
1454,1105,1115,1
1455,1269,1105,1
1456,1103,1105,1
1457,1810,1900,1
1458,1551,849,1
1459,894,1551,1
1460,1551,1549,1
1461,1776,1019,1
1462,889,1777,1
1463,1873,889,1
1464,889,887,1
1465,1233,1770,1
1466,1446,1287,1
1467,1796,1446,1
1468,1446,1444,1
1469,1445,1050,1
1470,1358,1445,1
1471,1287,1358,1
1472,1445,1443,1
1473,1358,1356,1
1474,1776,1414,1
1475,1899,1840,1
1476,1150,1899,1
1477,1898,1899,1
1478,1373,1583,1
1479,1810,1373,1
1480,1373,1371,1
1481,1040,1233,1
1482,1061,1040,1
1483,1039,1040,1
1484,1732,1649,1
1485,1901,1650,1
1486,1751,1593,1
1487,1838,920,1
1488,1839,1041,1
1489,1469,1042,1
1490,1295,1469,1
1491,1467,1469,1
1492,1794,1512,1
1493,1511,1288,1
1494,1648,1288,1
1495,1704,1648,1
1496,1840,1704,1
1497,1646,1648,1
1498,1702,1704,1
1499,1584,885,1
1500,1372,884,1
1501,1049,1372,1
1502,1372,1370,1
1503,1779,1579,1
1504,1836,1779,1
1505,1778,1779,1
1506,1707,1619,1
1507,1491,943,1
1508,1363,1491,1
1509,1489,1491,1
1510,1142,1362,1
1511,1490,1142,1
1512,1139,1142,1
1513,1538,1751,1
1514,1793,1864,1
1515,982,946,1
1516,1390,945,1
1517,1431,1179,1
1518,1440,1431,1
1519,1431,1430,1
1520,1402,1179,1
1521,1730,1351,1
1522,1223,1351,1
1523,1222,1865,1
1524,1223,1914,1
1525,1388,1913,1
1526,1681,1729,1
1527,1679,1681,1
1528,1222,1681,0
1529,1222,860,1
1530,999,1316,1
1531,1222,1051,1
1532,1052,1680,1
1533,1219,1179,1
1534,1457,1179,1
1535,978,1210,1
1536,1767,1299,1
1537,1904,1896,1
1538,1479,1387,1
1539,1480,1388,1
1540,1387,1897,1
1541,861,1905,1
1542,1915,1388,1
1543,1664,1659,1
1544,1665,945,1
1545,1697,1180,1
1546,1202,1177,1
1547,1713,1180,1
1548,1700,1178,1
1549,1803,1700,1
1550,1700,1698,1
1551,1701,1177,1
1552,1672,1701,1
1553,1701,1699,1
1554,1804,1672,1
1555,1035,1672,1
1556,1673,945,1
1557,1674,946,1
1558,1855,1674,1
1559,1856,1672,1
1560,1506,1486,1
1561,1674,1506,1
1562,1505,1506,1
1563,1673,1485,1
1564,1672,1845,1
1565,1222,918,1
1566,1773,877,1
1567,1727,877,1
1568,1352,1109,1
1569,1724,1072,1
1570,1352,1724,1
1571,1724,1722,1
1572,1530,878,1
1573,1352,1530,1
1574,1530,1529,1
1575,1366,1352,1
1576,1000,1440,1
1577,1071,1548,1
1578,1521,1439,1
1579,1261,1218,1
1580,1466,1261,1
1581,1439,1466,1
1582,1260,1261,1
1583,1465,1466,1
1584,1237,1218,1
1585,1422,1188,1
1586,1184,1219,1
1587,973,1184,1
1588,1183,1184,1
1589,1188,1547,1
1590,1832,1367,1
1591,1218,1458,1
1592,1396,1793,1
1593,1223,1396,1
1594,1396,1395,1
1595,875,1180,1
1596,876,954,1
1597,1176,953,1
1598,1300,1176,1
1599,1172,1176,1
1600,1173,1176,0
1601,1193,1485,1
1602,1854,1193,1
1603,1192,1193,1
1604,1486,1660,1
1605,1485,1284,1
1606,1504,1485,1
1607,1486,1257,1
1608,1728,1522,1
1609,1495,1439,1
1610,1723,974,1
1611,1110,1723,1
1612,1721,1723,1
1613,1315,878,1
1614,1023,878,1
1615,1398,1023,1
1616,1022,1023,1
1617,1804,977,1
1618,912,945,1
1619,913,946,1
1620,914,946,1
1621,915,945,1
1622,1352,1772,1
1623,1219,981,1
1624,1439,1403,1
1625,1916,919,1
1626,1420,1353,1
1627,1696,1178,1
1628,1423,1236,1
1629,1842,1793,1
1630,1803,1036,1
1631,1853,1769,1
1632,1389,1792,1
1633,1833,1792,1
1634,1442,1846,1
1635,1804,1442,1
1636,1442,1441,1
1637,1092,1079,1
1638,1658,1111,1
1639,1895,1658,1
1640,1657,1658,1
1641,1345,1894,1
1642,1745,899,1
1643,1735,899,1
1644,1895,1069,1
1645,1343,899,1
1646,1091,1148,1
1647,1346,900,1
1648,966,1346,1
1649,1344,1346,1
1650,881,1058,1
1651,1111,881,1
1652,881,880,1
1653,1111,1493,1
1654,1247,900,1
1655,1246,901,1
1656,1092,1086,1
1657,1117,1091,1
1658,1500,1091,1
1659,1053,1092,1
1660,1054,1091,1
1661,1534,1092,1
1662,1894,1534,1
1663,1534,1532,1
1664,1895,1297,1
1665,1533,1091,1
1666,1298,1533,1
1667,1533,1531,1
1668,1292,1267,1
1669,1888,1302,1
1670,1889,1500,1
1671,1889,1501,1
1672,927,1334,1
1673,1888,1692,1
1674,1889,1693,1
1675,1825,1266,1
1676,1342,1894,1
1677,1091,1070,1
1678,1333,1266,1
1679,1826,1454,1
1680,1501,964,1
1681,1556,1453,1
1682,891,1001,1
1683,1108,899,1
1684,1577,1064,1
1685,1734,1500,1
1686,1807,1080,1
1687,1001,1092,1
1688,1002,1754,1
1689,1075,1085,1
1690,1002,1076,1
1691,963,1744,1
1692,1759,1085,1
1693,1758,1086,1
1694,1555,890,1
1695,1578,906,1
1696,1500,926,1
1697,1057,1079,1
1698,1520,1111,1
1699,1092,1789,1
1700,1518,1678,1
1701,1616,1001,1
1702,1149,1616,1
1703,1615,1616,1
1704,1677,1002,1
1705,1517,1148,1
1706,1755,1091,1
1707,1881,1116,1
1708,1001,1880,1
1709,1500,1001,1
1710,1501,1002,1
1711,1331,1065,1
1712,971,901,1
1713,1788,1107,1
1714,1112,965,1
1715,1149,1079,1
1716,961,972,1
1717,906,1112,1
1718,1399,1500,1
1719,1400,1501,1
1720,1401,1500,1
1721,1685,956,1
1722,1168,1394,1
1723,1290,1168,1
1724,1166,1168,1
1725,1684,916,1
1726,1684,863,1
1727,1685,1572,1
1728,1684,1275,1
1729,1705,1394,1
1730,1169,1394,1
1731,1817,1169,1
1732,1169,1167,1
1733,1818,1614,1
1734,1817,1162,1
1735,1818,1163,1
1736,1818,1157,1
1737,1817,1158,1
1738,1824,1572,1
1739,1376,1571,1
1740,1818,1155,1
1741,1393,1152,1
1742,1393,1153,1
1743,1394,1154,1
1744,1394,1159,1
1745,1393,1160,1
1746,1818,1165,1
1747,1393,1156,1
1748,1393,870,1
1749,994,871,1
1750,1558,1073,1
1751,1823,1374,1
1752,1541,1376,1
1753,956,1542,1
1754,1684,1762,1
1755,1691,938,1
1756,1691,1684,1
1757,1690,1685,1
1758,1228,1774,1
1759,1686,1228,1
1760,1226,1228,1
1761,1229,1775,1
1762,1687,1229,1
1763,1227,1229,1
1764,1691,1603,1
1765,1685,1437,1
1766,1438,1391,1
1767,1182,1214,1
1768,1774,1354,1
1769,1644,882,1
1770,1078,1540,1
1771,1077,1306,1
1772,1604,1355,1
1773,1374,993,1
1774,1096,1739,1
1775,1738,1063,1
1776,1738,1860,1
1777,1739,1861,1
1778,893,1461,1
1779,1775,893,1
1780,892,893,1
1781,1077,1392,1
1782,1077,905,1
1783,1843,955,1
1784,1571,864,1
1785,997,1374,1
1786,1289,1684,1
1787,1817,1375,1
1788,1818,1376,1
1789,1893,1572,1
1790,917,1535,1
1791,1078,1095,1
1792,1393,1164,1
1793,1074,1571,1
1794,1613,1374,1
1795,1455,1077,1
1796,1527,1456,1
1797,1330,1376,1
1798,1448,1305,1
1799,1528,1306,1
1800,1775,1690,1
1801,1775,1684,1
1802,1394,1161,1
1803,1635,998,1
1804,1774,1181,1
1805,1375,1557,1
1806,1385,1571,1
1807,1386,1572,1
1808,883,904,1
1809,1576,1394,1
1810,1844,1464,1
1811,1536,955,1
1812,1303,1462,1
1813,1852,1892,1
1814,998,1329,1
1815,1308,1393,1
1816,1447,1748,1
1817,1078,1304,1
1818,1009,1763,1
1819,1274,1634,1
1820,1790,1764,1
1821,1764,862,1
1822,1765,842,1
1823,1764,843,1
1824,1765,844,1
1825,1765,845,1
1826,1791,1765,1
1827,930,1862,1
1828,1255,1349,1
1829,874,931,1
1830,1011,874,1
1831,872,874,1
1832,1764,1255,1
1833,1786,1255,1
1834,1120,1862,1
1835,1790,1601,1
1836,1790,873,1
1837,1742,1360,1
1838,1743,1361,1
1839,1121,1863,1
1840,1863,1338,1
1841,1474,1561,1
1842,1791,1562,1
1843,1245,1360,1
1844,1591,1244,1
1845,1602,1088,1
1846,1254,1581,1
1847,1254,1460,1
1848,1498,1459,1
1849,1582,1087,1
1850,1255,1661,1
1851,1094,1499,1
1852,1653,1094,1
1853,1094,1093,1
1854,1806,1790,1
1855,1765,1254,1
1856,1350,1360,1
1857,1787,1473,1
1858,959,1791,1
1859,1791,1012,1
1860,1790,1488,1
1861,1838,1171,1
1862,1276,1368,1
1863,1359,1288,1
1864,1626,1359,1
1865,1357,1359,1
1866,1597,1414,1
1867,910,884,1
1868,1627,1801,1
1869,911,885,1
1870,1631,1872,1
1871,1566,1452,1
1872,1737,1566,1
1873,1566,1564,1
1874,928,1045,1
1875,929,1046,1
1876,1838,1377,1
1877,1643,1472,1
1878,1620,1643,1
1879,1642,1643,1
1880,1412,988,1
1881,1066,1068,1
1882,1552,1207,1
1883,1617,1552,1
1884,1550,1552,1
1885,1760,987,1
1886,1922,1287,1
1887,1114,1059,1
1888,1114,1060,1
1889,1708,1683,1
1890,1310,1777,1
1891,1415,1310,1
1892,1309,1310,1
1893,867,1543,1
1894,867,1757,1
1895,866,867,1
1896,925,1114,1
1897,937,925,1
1898,1106,937,1
1899,1270,1106,1
1900,923,925,1
1901,937,936,1
1902,1104,1106,1
1903,1425,1835,1
1904,1872,1425,1
1905,1425,1424,1
1906,1043,1258,1
1907,1717,1580,1
1908,1199,1641,1
1909,1849,1199,1
1910,1197,1199,1
1911,1633,850,1
1912,1802,1282,1
1913,948,1631,1
1914,1526,976,1
1915,1546,1907,1
1916,1847,1231,1
1917,1836,1671,1
1918,1589,929,1
1919,920,1543,1
1920,1837,1544,1
1921,1682,979,1
1922,1631,1347,1
1923,1816,1347,1
1924,1145,1816,1
1925,1815,1816,1
1926,1259,1838,1
1927,895,1018,1
1928,1877,996,1
1929,1596,1877,1
1930,929,1596,1
1931,1875,1877,1
1932,1596,1595,1
1933,1368,1476,1
1934,1829,941,1
1935,975,1829,1
1936,1828,1829,1
1937,1857,1008,1
1938,1232,1008,1
1939,908,1232,1
1940,909,1233,1
1941,1203,1007,1
1942,1363,1890,1
1943,1432,1524,1
1944,1523,1543,1
1945,1821,1415,1
1946,1115,968,1
1947,1647,1287,1
1948,1044,1911,1
1949,1324,857,1
1950,1191,1062,1
1951,1731,1191,1
1952,1189,1191,1
1953,1512,1921,1
1954,1780,1233,1
1955,1363,1481,1
1956,856,1507,1
1957,857,1508,1
1958,1872,1882,1
1959,1586,1641,1
1960,1503,1543,1
1961,858,1585,1
1962,859,1586,1
1963,1089,1670,1
1964,1090,1671,1
1965,1280,856,1
1966,1281,857,1
1967,1733,1760,1
1968,1037,1043,1
1969,1038,1044,1
1970,1030,1007,1
1971,1031,1008,1
1972,1232,996,1
1973,1797,1795,1
1974,1339,1839,1
1975,1925,1382,1
1976,1230,1925,1
1977,1923,1925,1
1978,928,1380,1
1979,1991,2103,1
1980,2307,2167,1
1981,2434,2167,1
1982,2434,2168,1
1983,2272,2180,1
1984,2180,1943,1
1985,1995,1988,1
1986,2380,2038,1
1987,1990,1979,1
1988,2136,1979,1
1989,1989,1938,1
1990,2274,2437,0
1991,2316,1945,1
1992,2395,2316,1
1993,2282,1981,1
1994,2317,1986,1
1995,2310,2346,1
1996,2126,2174,1
1997,1961,2445,1
1998,2302,2445,1
1999,2425,2193,1
2000,1995,1993,1
2001,2123,2223,1
2002,2381,2305,1
2003,2396,2215,1
2004,2362,2396,1
2005,2362,2010,1
2006,2068,2396,1
2007,2327,2204,1
2008,2329,2243,1
2009,2046,2286,1
2010,2217,2131,1
2011,2216,2394,1
2012,2394,2077,1
2013,2148,2394,1
2014,2203,1964,0
2015,2203,2050,1
2016,2132,2076,1
2017,2391,2386,1
2018,2323,1965,1
2019,2269,2378,1
2020,2270,2379,1
2021,2376,2077,1
2022,2387,2376,1
2023,2378,2076,1
2024,2378,1965,1
2025,2386,2379,1
2026,2379,1964,1
2027,2414,2213,1
2028,2323,2414,1
2029,2385,2414,1
2030,2265,1964,1
2031,2265,2212,1
2032,2392,2354,1
2033,2384,2212,1
2034,2384,2368,1
2035,2392,2368,1
2036,2369,2213,1
2037,2369,2355,1
2038,2212,2200,1
2039,2333,2213,1
2040,2213,2204,1
2041,2415,2213,1
2042,2366,2415,1
2043,2280,2212,1
2044,2050,2176,1
2045,2333,2174,1
2046,2437,2200,1
2047,2390,2354,1
2048,2405,1965,1
2049,2204,2405,1
2050,2405,2175,1
2051,2077,2044,1
2052,2044,2355,1
2053,2375,2076,1
2054,2375,2225,1
2055,2389,2077,1
2056,2390,2076,1
2057,2390,2043,1
2058,2374,2354,1
2059,2371,2355,1
2060,2370,2373,1
2061,2371,2309,1
2062,2309,2264,1
2063,2354,2224,1
2064,2389,2370,1
2065,2077,1964,1
2066,1939,2077,1
2067,2446,2300,1
2068,1939,2446,1
2069,2346,2204,1
2070,2027,2145,1
2071,2223,2027,1
2072,2246,2238,1
2073,2372,1995,1
2074,2438,2372,1
2075,2381,2188,1
2076,2332,2304,1
2077,1984,2335,1
2078,2233,2335,1
2079,2404,2145,1
2080,2404,2380,1
2081,2404,2013,1
2082,2183,2002,1
2083,2001,1983,1
2084,2349,2012,1
2085,2349,1967,1
2086,2234,1967,1
2087,1949,2227,1
2088,1982,1973,1
2089,2352,2261,1
2090,2002,1973,1
2091,2427,2266,1
2092,1932,2001,1
2093,2408,2233,1
2094,2408,2259,1
2095,2408,2231,1
2096,2436,2056,1
2097,2173,2388,1
2098,2202,2056,1
2099,2303,2145,1
2100,2303,2067,1
2101,2067,2045,1
2102,2179,2045,1
2103,2259,2228,1
2104,2231,2228,1
2105,2199,1942,1
2106,2232,2072,1
2107,2205,2020,1
2108,2427,1932,1
2109,2151,1952,1
2110,2273,1952,1
2111,2308,2306,1
2112,2193,2020,1
2113,2255,2226,1
2114,1983,1941,1
2115,2249,1983,1
2116,2003,2249,1
2117,2318,2188,1
2118,2372,2246,1
2119,2410,2233,1
2120,2410,2365,1
2121,2410,2231,0
2122,2372,2304,1
2123,2034,2145,1
2124,2306,2034,1
2125,2237,2072,1
2126,2381,2164,1
2127,2292,2237,1
2128,2292,2067,1
2129,1960,2238,1
2130,2318,2185,1
2131,2307,2246,1
2132,2234,2231,1
2133,2012,2003,1
2134,2011,2010,1
2135,2308,2164,1
2136,2151,2145,1
2137,2436,2234,1
2138,2291,2072,1
2139,2332,2291,1
2140,2250,2001,1
2141,2365,2172,1
2142,1960,2205,1
2143,2250,2184,1
2144,2226,2002,1
2145,2232,2256,1
2146,2227,2125,1
2147,2232,1982,1
2148,2279,2199,1
2149,2266,2257,1
2150,2318,2001,1
2151,2411,2255,1
2152,1949,2411,1
2153,2427,2411,0
2154,2238,2005,1
2155,2237,2260,1
2156,2238,2261,1
2157,2155,2237,1
2158,2258,2155,1
2159,2238,2052,1
2160,2256,2186,1
2161,2186,2002,1
2162,2258,2185,1
2163,2352,2256,1
2164,2438,1984,1
2165,2349,2279,1
2166,2250,1980,1
2167,2352,1980,1
2168,2125,2052,1
2169,2258,2006,1
2170,2257,2179,1
2171,2435,1929,1
2172,1966,2435,1
2173,2063,1966,1
2174,2327,2073,1
2175,2211,2019,1
2176,2398,2064,1
2177,2398,2209,1
2178,2398,2138,1
2179,2019,2210,1
2180,2211,2073,1
2181,2210,2126,1
2182,2195,2090,1
2183,2334,1928,1
2184,2156,2433,1
2185,2156,2055,1
2186,2085,2054,1
2187,2091,1971,1
2188,2397,2214,1
2189,2069,2397,1
2190,2088,2397,1
2191,2053,2215,1
2192,2066,2215,1
2193,2215,2091,1
2194,2094,2054,1
2195,2268,2094,1
2196,2210,2206,1
2197,2209,2208,1
2198,2305,1971,1
2199,2351,2214,0
2200,2350,2041,1
2201,2142,1933,1
2202,2090,2041,1
2203,2092,2041,1
2204,1930,1931,1
2205,1931,1929,1
2206,2100,2082,1
2207,2089,1929,1
2208,2133,2089,1
2209,2063,2061,1
2210,1935,2133,1
2211,2100,1935,1
2212,2055,2054,1
2213,1930,1928,0
2214,2210,2201,1
2215,2268,2209,1
2216,2126,2124,1
2217,2057,1928,1
2218,2117,2057,1
2219,2208,2207,1
2220,2310,2201,1
2221,2356,2195,1
2222,2377,2074,1
2223,2137,1987,1
2224,2065,1987,1
2225,2065,2061,1
2226,2220,2090,1
2227,2356,2334,1
2228,2124,2085,1
2229,2276,2220,1
2230,2326,2276,1
2231,2326,2065,1
2232,2298,2090,1
2233,2187,2091,1
2234,2433,2187,1
2235,2126,2123,1
2236,2298,2142,1
2237,2298,2089,0
2238,2136,1988,1
2239,2118,1989,1
2240,2296,2014,1
2241,2315,2015,1
2242,2118,2031,1
2243,2315,1993,1
2244,2406,2049,1
2245,1943,2406,1
2246,2181,2406,1
2247,2403,2014,1
2248,2317,2403,1
2249,2158,2403,1
2250,2049,2014,1
2251,2283,2282,1
2252,2296,2168,1
2253,2402,2015,1
2254,2157,2402,1
2255,1989,2402,1
2256,2283,2031,1
2257,2026,2014,1
2258,2025,2026,1
2259,2018,2025,1
2260,2030,2015,1
2261,2017,2030,1
2262,2177,1985,1
2263,2413,2328,1
2264,1985,2413,1
2265,2426,2413,1
2266,2447,2254,1
2267,2447,2178,1
2268,2325,2178,1
2269,1959,1991,1
2270,2022,1959,1
2271,2253,2008,1
2272,2254,2029,1
2273,2330,2008,1
2274,2236,2330,0
2275,2294,2008,1
2276,2428,2009,1
2277,2178,2162,1
2278,2196,2162,1
2279,2196,2004,1
2280,2278,2004,1
2281,2325,1990,1
2282,2383,2277,1
2283,2277,2166,1
2284,2166,2016,1
2285,2235,2009,0
2286,2022,1985,1
2287,2419,2245,1
2288,2190,2331,1
2289,2353,1968,1
2290,2345,2254,1
2291,1940,2253,1
2292,2278,2182,1
2293,2139,2009,1
2294,1940,2139,1
2295,2191,2008,1
2296,2345,2191,1
2297,2328,2253,1
2298,2244,2029,1
2299,2278,2086,1
2300,2086,2007,1
2301,2419,2016,1
2302,2383,2321,1
2303,2324,2322,1
2304,2331,2007,1
2305,2245,1985,1
2306,2272,2177,1
2307,2324,2182,1
2308,2353,1991,1
2309,2293,2165,1
2310,2165,2009,1
2311,2177,2152,1
2312,1968,1938,1
2313,2178,1970,1
2314,2357,1970,1
2315,2278,2177,1
2316,2428,2244,1
2317,2423,2143,1
2318,2271,2424,1
2319,2393,2424,1
2320,2393,2000,1
2321,1947,2393,1
2322,2424,2421,1
2323,2300,2423,1
2324,2423,2197,1
2325,2320,2440,1
2326,2347,2229,1
2327,2319,2347,1
2328,2319,2301,1
2329,2319,2313,1
2330,2320,2267,1
2331,2267,2217,1
2332,1947,2320,1
2333,2289,2319,1
2334,2313,2058,1
2335,1950,1936,1
2336,2319,2221,1
2337,2221,1951,1
2338,2161,1950,1
2339,2320,1936,1
2340,1951,2229,1
2341,2358,1951,1
2342,2062,1951,1
2343,2358,2281,1
2344,2281,2197,1
2345,2297,2023,1
2346,2163,2023,1
2347,2297,2197,1
2348,2163,1950,1
2349,2297,2070,1
2350,2071,1962,1
2351,1996,2071,1
2352,2127,1996,1
2353,2143,1962,1
2354,2046,2301,1
2355,1999,2289,1
2356,2046,2440,1
2357,2134,2424,1
2358,2432,2170,1
2359,1978,1945,1
2360,2170,1946,1
2361,2171,1944,1
2362,2343,2170,1
2363,2343,2171,1
2364,2170,2140,1
2365,2171,1957,1
2366,2339,2337,1
2367,2344,2336,1
2368,2343,2339,1
2369,2343,2340,1
2370,2340,2338,1
2371,2106,1946,1
2372,2364,1944,1
2373,2363,1946,1
2374,1946,1945,1
2375,2248,1978,1
2376,2432,2248,1
2377,2160,2140,1
2378,2275,2160,1
2379,1958,1974,1
2380,2360,2060,1
2381,2059,1974,1
2382,2360,1974,1
2383,2361,1974,1
2384,2059,2051,1
2385,2095,1974,1
2386,2218,1974,1
2387,2219,1974,1
2388,2169,2051,1
2389,2169,2161,1
2390,2095,2062,1
2391,2161,2062,1
2392,2141,2062,1
2393,2341,2339,1
2394,2342,2340,1
2395,2295,2218,1
2396,2083,2252,1
2397,2079,2251,1
2398,2407,2252,1
2399,2080,2407,1
2400,2400,2407,1
2401,2130,2400,1
2402,2409,2400,1
2403,2311,2409,1
2404,2263,2409,1
2405,2096,2251,1
2406,2078,2084,1
2407,2097,2251,1
2408,2109,2114,1
2409,2098,2252,1
2410,2439,2113,1
2411,2242,2251,1
2412,2252,2108,1
2413,2251,2107,1
2414,2242,2119,1
2415,2252,2115,1
2416,2114,2251,1
2417,2239,2252,1
2418,2240,2251,1
2419,2252,2110,1
2420,2401,1977,1
2421,2149,2401,1
2422,2147,2401,1
2423,2366,2287,1
2424,2288,2032,1
2425,2104,2081,1
2426,2112,2104,1
2427,2112,2107,1
2428,2399,2252,1
2429,2099,2399,1
2430,2102,2399,1
2431,2122,2251,1
2432,2121,2101,1
2433,2105,1972,1
2434,2443,2217,1
2435,2275,2105,1
2436,2217,2150,1
2437,2150,2149,1
2438,2442,2216,1
2439,2039,2216,1
2440,2040,2217,1
2441,2216,2058,1
2442,2036,2445,1
2443,2035,2444,1
2444,2444,1955,1
2445,2439,1955,1
2446,2444,2038,1
2447,2445,2037,1
2448,2445,2120,1
2449,2445,2116,1
2450,2121,2116,1
2451,2444,2243,1
2452,1953,2445,1
2453,2444,2033,1
2454,2109,2113,1
2455,2216,1976,1
2456,1972,1977,1
2457,1976,1969,1
2458,1977,2129,1
2459,2262,1977,1
2460,2412,2111,1
2461,1977,2412,1
2462,2312,2412,1
2463,2081,1976,1
2464,2288,1976,1
2465,2280,1976,1
2466,2264,1977,1
2467,2084,2102,1
2468,2021,1969,1
2469,2075,2418,1
2470,1997,1981,1
2471,2087,1997,1
2472,2430,2159,1
2473,2431,2429,1
2474,2241,2154,1
2475,2429,2241,1
2476,2431,2430,1
2477,2159,2153,1
2478,2028,1997,1
2479,2284,2153,1
2480,2285,2284,1
2481,2153,2087,1
2482,2285,2425,1
2483,2382,2299,1
2484,2420,2048,1
2485,2028,1934,1
2486,2154,1934,1
2487,2192,1961,1
2488,2418,2048,1
2489,2417,2154,1
2490,2417,2299,1
2491,2194,2075,1
2492,2154,1956,1
2493,1986,1956,1
2494,2418,2329,1
2495,2382,2302,1
2496,2189,2153,1
2497,2194,2192,1
2498,2420,1934,1
2499,1954,2420,1
2500,2664,2719,1
2501,2570,2699,1
2502,2675,2629,1
2503,2629,2475,1
2504,2563,2457,1
2505,2654,2658,1
2506,2453,2720,1
2507,2649,2720,1
2508,2473,2509,0
2509,2576,2615,1
2510,2554,2519,1
2511,2524,2611,1
2512,2554,2520,1
2513,2613,2548,1
2514,2722,2721,1
2515,2523,2722,1
2516,2585,2524,1
2517,2478,2469,1
2518,2491,2586,1
2519,2491,2498,1
2520,2695,2599,1
2521,2586,2468,1
2522,2706,2488,1
2523,2690,2706,1
2524,2612,2706,1
2525,2477,2476,1
2526,2602,2484,1
2527,2649,2481,0
2528,2524,2674,1
2529,2469,2688,1
2530,2688,2719,1
2531,2571,2550,1
2532,2609,2631,1
2533,2588,2609,1
2534,2587,2647,1
2535,2451,2553,1
2536,2545,2527,1
2537,2526,2458,1
2538,2536,2528,1
2539,2526,2466,1
2540,2583,2604,1
2541,2451,2647,1
2542,2646,2608,1
2543,2646,2578,1
2544,2464,2528,1
2545,2708,2527,1
2546,2708,2451,1
2547,2708,2451,1
2548,2458,2464,1
2549,2582,2571,1
2550,2509,2582,1
2551,2553,2528,1
2552,2455,2451,1
2553,2642,2455,1
2554,2543,2536,1
2555,2652,2543,1
2556,2474,2652,1
2557,2630,2545,1
2558,2719,2630,1
2559,2675,2527,1
2560,2686,2578,1
2561,2609,2529,1
2562,2529,2672,1
2563,2463,2642,1
2564,2450,2463,1
2565,2631,2571,1
2566,2716,2608,1
2567,2534,2716,1
2568,2469,2474,1
2569,2608,2571,1
2570,2624,2465,0
2571,2646,2624,1
2572,2450,2466,1
2573,2604,2465,1
2574,2641,2652,1
2575,2626,2641,1
2576,2495,2527,1
2577,2496,2528,1
2578,2709,2451,1
2579,2638,2528,1
2580,2548,2550,1
2581,2677,2466,1
2582,2462,2469,1
2583,2677,2626,1
2584,2487,2702,1
2585,2700,2487,1
2586,2532,2701,1
2587,2566,2702,1
2588,2698,2701,1
2589,2682,2683,1
2590,2585,2456,1
2591,2683,2679,1
2592,2510,2566,1
2593,2692,2510,1
2594,2627,2566,1
2595,2644,2627,1
2596,2569,2521,1
2597,2692,2569,1
2598,2461,2525,1
2599,2456,2461,1
2600,2676,2521,1
2601,2508,2676,1
2602,2623,2685,1
2603,2486,2639,1
2604,2639,2683,1
2605,2473,2697,1
2606,2685,2473,1
2607,2697,2703,1
2608,2684,2682,1
2609,2645,2519,1
2610,2664,2577,1
2611,2456,2644,1
2612,2664,2518,1
2613,2518,2508,1
2614,2475,2521,1
2615,2486,2532,1
2616,2682,2679,1
2617,2623,2684,1
2618,2703,2700,1
2619,2702,2559,1
2620,2558,2520,1
2621,2525,2519,1
2622,2560,2679,1
2623,2555,2560,1
2624,2472,2679,1
2625,2561,2701,1
2626,2611,2558,1
2627,2645,2577,1
2628,2697,2712,1
2629,2697,2713,1
2630,2514,2679,1
2631,2515,2680,1
2632,2687,2682,1
2633,2689,2623,1
2634,2689,2472,1
2635,2555,2692,1
2636,2687,2682,1
2637,2699,2664,1
2638,2664,2520,1
2639,2668,2653,1
2640,2661,2663,1
2641,2658,2660,1
2642,2662,2720,1
2643,2663,2589,1
2644,2589,2721,1
2645,2659,2662,1
2646,2563,2482,1
2647,2482,2659,1
2648,2662,2668,1
2649,2564,2563,1
2650,2660,2690,1
2651,2653,2661,1
2652,2573,2721,1
2653,2603,2573,1
2654,2467,2603,1
2655,2497,2467,1
2656,2483,2663,1
2657,2695,2564,1
2658,2497,2483,1
2659,2481,2522,1
2660,2478,2522,1
2661,2501,2610,1
2662,2506,2470,1
2663,2470,2502,1
2664,2538,2503,1
2665,2696,2538,1
2666,2567,2498,1
2667,2567,2579,1
2668,2567,2579,1
2669,2505,2696,1
2670,2513,2505,1
2671,2671,2513,1
2672,2506,2671,1
2673,2470,2717,1
2674,2694,2717,1
2675,2678,2499,1
2676,2667,2498,1
2677,2500,2502,1
2678,2610,2503,1
2679,2635,2502,1
2680,2707,2503,1
2681,2665,2707,1
2682,2704,2707,1
2683,2636,2693,1
2684,2693,2718,1
2685,2505,2681,1
2686,2618,2665,1
2687,2500,2622,1
2688,2512,2635,1
2689,2506,2512,1
2690,2479,2567,1
2691,2502,2479,1
2692,2503,2666,1
2693,2504,2499,1
2694,2575,2503,1
2695,2678,2575,1
2696,2616,2673,1
2697,2678,2616,1
2698,2565,2570,1
2699,2673,2565,1
2700,2621,2500,1
2701,2448,2500,1
2702,2666,2628,1
2703,2590,2471,1
2704,2622,2591,1
2705,2640,2636,1
2706,2632,2498,1
2707,2633,2499,1
2708,2499,2501,1
2709,2632,2517,1
2710,2499,2448,1
2711,2597,2501,1
2712,2498,2597,1
2713,2517,2621,1
2714,2628,2669,1
2715,2471,2640,1
2716,2681,2540,1
2717,2694,2636,1
2718,2540,2590,1
2719,2591,2618,1
2720,2541,2504,1
2721,2669,2541,1
2722,2599,2718,1
2723,2477,2667,1
2724,2537,2503,1
2725,2535,2537,1
2726,2657,2535,1
2727,2656,2535,1
2728,2667,2657,1
2729,2457,2717,1
2730,2643,2503,1
2731,2500,2711,1
2732,2501,2710,1
2733,2617,2499,1
2734,2468,2617,1
2735,2580,2452,1
2736,2705,2595,1
2737,2452,2705,1
2738,2460,2705,1
2739,2670,2594,1
2740,2607,2595,1
2741,2507,2592,1
2742,2568,2592,1
2743,2484,2594,1
2744,2449,2568,1
2745,2516,2568,1
2746,2549,2449,1
2747,2551,2549,1
2748,2596,2592,1
2749,2530,2593,1
2750,2562,2524,1
2751,2601,2562,1
2752,2605,2598,1
2753,2598,2606,1
2754,2580,2551,1
2755,2606,2594,1
2756,2581,2593,1
2757,2584,2596,1
2758,2601,2507,1
2759,2600,2595,1
2760,2607,2605,1
2761,2581,2576,1
2762,2637,2551,1
2763,2592,2594,1
2764,2593,2595,1
2765,2530,2607,1
2766,2453,2490,1
2767,2531,2453,1
2768,2511,2531,1
2769,2542,2511,1
2770,2547,2489,1
2771,2655,2649,1
2772,2544,2547,1
2773,2546,2490,1
2774,2488,2489,1
2775,2714,2485,1
2776,2557,2546,1
2777,2557,2544,1
2778,2620,2523,1
2779,2714,2655,1
2780,2691,2489,1
2781,2557,2654,1
2782,2539,2542,1
2783,2542,2691,1
2784,2480,2714,1
2785,2648,2649,1
2786,2454,2651,1
2787,2620,2650,1
2788,2494,2715,1
2789,2634,2494,1
2790,2572,2634,1
2791,2552,2586,1
2792,2459,2619,1
2793,2625,2459,1
2794,2619,2492,1
2795,2602,2625,1
2796,2715,2491,1
2797,2493,2492,1
2798,2556,2554,1
2799,2574,2556,1
2800,2674,2574,1
2801,2554,2572,1
2802,2614,2493,1
2803,2730,824,1
2804,2730,824,1
2805,2735,1429,1
2806,2736,1871,1
2807,2732,1523,1
2808,2734,2732,1
2809,2731,2732,1
2810,2733,1524,1
2811,5,4,1
2812,7,6,1
2813,9,8,1
2814,11,10,1
2815,12,11,1
2816,16,15,1
2817,18,17,1
2818,20,19,1
2819,22,21,1
2820,29,28,1
2821,37,36,1
2822,40,39,1
2823,43,42,1
2824,45,44,1
2825,48,47,1
2826,51,50,1
2827,53,52,1
2828,55,54,1
2829,57,56,1
2830,59,58,1
2831,62,61,1
2832,64,63,1
2833,72,71,1
2834,74,73,1
2835,76,75,1
2836,78,77,0
2837,80,79,1
2838,84,83,1
2839,86,85,1
2840,88,87,1
2841,90,89,1
2842,92,91,1
2843,94,93,1
2844,96,95,1
2845,98,97,1
2846,100,99,1
2847,102,101,1
2848,104,103,1
2849,106,105,1
2850,108,107,1
2851,111,110,1
2852,113,112,1
2853,116,115,1
2854,118,117,1
2855,120,119,1
2856,122,121,1
2857,125,124,1
2858,127,126,1
2859,129,128,1
2860,134,133,1
2861,138,137,1
2862,141,140,1
2863,144,143,1
2864,146,145,1
2865,148,147,1
2866,150,149,1
2867,153,152,1
2868,155,154,1
2869,157,156,1
2870,159,158,1
2871,162,161,1
2872,164,163,1
2873,165,164,1
2874,169,168,1
2875,171,170,1
2876,173,172,1
2877,176,175,1
2878,178,177,1
2879,184,183,1
2880,186,185,1
2881,188,187,1
2882,190,189,1
2883,193,192,1
2884,195,194,1
2885,197,196,1
2886,199,198,1
2887,201,200,1
2888,203,202,1
2889,205,204,1
2890,207,206,1
2891,213,212,0
2892,221,220,0
2893,228,227,1
2894,243,242,1
2895,249,248,0
2896,258,257,1
2897,265,264,0
2898,282,281,0
2899,284,283,1
2900,286,285,0
2901,298,297,0
2902,311,310,0
2903,319,318,1
2904,326,325,0
2905,335,334,0
2906,343,342,0
2907,345,344,1
2908,355,354,0
2909,356,355,1
2910,362,361,1
2911,376,375,0
2912,380,379,1
2913,386,385,0
2914,394,393,0
2915,405,404,0
2916,407,406,0
2917,422,421,1
2918,430,429,1
2919,437,436,0
2920,439,438,0
2921,442,441,1
2922,458,457,0
2923,465,464,1
2924,476,475,0
2925,486,485,0
2926,488,487,0
2927,490,489,0
2928,495,494,1
2929,508,507,0
2930,510,509,1
2931,516,515,1
2932,518,517,0
2933,521,520,0
2934,525,524,1
2935,531,530,0
2936,533,532,0
2937,537,536,0
2938,539,538,0
2939,542,541,1
2940,548,547,0
2941,552,551,0
2942,557,556,1
2943,575,574,0
2944,578,577,0
2945,588,587,1
2946,594,593,1
2947,614,613,0
2948,618,617,1
2949,665,664,1
2950,686,685,1
2951,697,696,1
2952,715,714,1
2953,731,730,1
2954,741,740,1
2955,759,758,1
2956,769,768,1
2957,779,778,1
2958,808,807,0
2959,847,846,1
2960,850,849,1
2961,852,851,1
2962,853,852,1
2963,855,854,1
2964,857,856,1
2965,861,860,1
2966,864,863,1
2967,866,865,0
2968,869,868,1
2969,871,870,1
2970,873,872,0
2971,876,875,1
2972,878,877,0
2973,883,882,1
2974,885,884,1
2975,891,890,1
2976,895,894,1
2977,897,896,0
2978,900,899,0
2979,901,900,0
2980,899,901,0
2981,903,902,1
2982,905,904,1
2983,907,906,1
2984,911,910,0
2985,917,916,1
2986,919,918,1
2987,921,920,0
2988,923,922,0
2989,927,926,1
2990,929,928,0
2991,931,930,1
2992,933,932,1
2993,935,934,1
2994,939,938,1
2995,941,940,1
2996,943,942,0
2997,946,945,0
2998,948,947,1
2999,954,953,1
3000,956,955,1
3001,960,959,1
3002,962,961,1
3003,964,963,1
3004,966,965,1
3005,968,967,1
3006,970,969,1
3007,972,971,1
3008,974,973,1
3009,976,975,0
3010,978,977,1
3011,980,979,1
3012,982,981,1
3013,986,985,1
3014,988,987,1
3015,990,989,1
3016,994,993,1
3017,996,995,0
3018,998,997,0
3019,1000,999,1
3020,1001,1002,0
3021,1004,1003,1
3022,1006,1005,1
3023,1008,1007,1
3024,1010,1009,1
3025,1012,1011,1
3026,1014,1013,0
3027,1015,1014,0
3028,1013,1015,0
3029,1019,1018,1
3030,1025,1024,1
3031,1026,1025,1
3032,1036,1035,1
3033,1042,1041,1
3034,1044,1043,1
3035,1046,1045,0
3036,1048,1047,1
3037,1050,1049,1
3038,1052,1051,1
3039,1058,1057,1
3040,1060,1059,0
3041,1062,1061,1
3042,1065,1064,1
3043,1068,1067,1
3044,1070,1069,1
3045,1072,1071,1
3046,1074,1073,1
3047,1076,1075,1
3048,1078,1077,1
3049,1080,1079,1
3050,1082,1081,0
3051,1086,1085,1
3052,1088,1087,1
3053,1092,1091,0
3054,1096,1095,1
3055,1102,1101,1
3056,1104,1103,0
3057,1108,1107,1
3058,1110,1109,1
3059,1112,1111,0
3060,1114,1113,0
3061,1115,1114,0
3062,1113,1115,0
3063,1117,1116,1
3064,1119,1118,1
3065,1123,1122,0
3066,1133,1132,1
3067,1135,1134,1
3068,1138,1137,0
3069,1139,1138,0
3070,1144,1143,1
3071,1145,1144,1
3072,1149,1148,1
3073,1151,1150,1
3074,1156,1155,1
3075,1165,1164,1
3076,1167,1166,0
3077,1171,1170,1
3078,1173,1172,1
3079,1178,1177,0
3080,1180,1179,0
3081,1182,1181,1
3082,1186,1185,1
3083,1188,1187,0
3084,1195,1194,1
3085,1202,1201,1
3086,1205,1204,1
3087,1207,1206,1
3088,1209,1208,1
3089,1211,1210,1
3090,1213,1212,1
3091,1215,1214,1
3092,1219,1218,0
3093,1221,1220,1
3094,1223,1222,0
3095,1225,1224,1
3096,1231,1230,1
3097,1233,1232,0
3098,1235,1234,1
3099,1237,1236,1
3100,1241,1240,1
3101,1243,1242,1
3102,1245,1244,1
3103,1247,1246,0
3104,1249,1248,1
3105,1255,1254,0
3106,1257,1256,1
3107,1259,1258,1
3108,1263,1262,1
3109,1265,1264,1
3110,1267,1266,1
3111,1269,1268,0
3112,1270,1269,0
3113,1277,1276,1
3114,1279,1278,1
3115,1283,1282,1
3116,1286,1285,0
3117,1288,1287,0
3118,1290,1289,1
3119,1292,1291,1
3120,1294,1293,1
3121,1296,1295,1
3122,1298,1297,1
3123,1300,1299,1
3124,1302,1301,1
3125,1304,1303,1
3126,1306,1305,1
3127,1308,1307,1
3128,1312,1311,1
3129,1314,1313,1
3130,1316,1315,1
3131,1320,1319,0
3132,1324,1323,1
3133,1330,1329,1
3134,1332,1331,1
3135,1334,1333,1
3136,1336,1335,1
3137,1338,1337,1
3138,1343,1342,1
3139,1345,1344,0
3140,1348,1347,0
3141,1350,1349,1
3142,1352,1351,0
3143,1353,1352,0
3144,1351,1353,0
3145,1355,1354,1
3146,1357,1356,0
3147,1361,1360,1
3148,1363,1362,0
3149,1365,1364,1
3150,1367,1366,1
3151,1369,1368,1
3152,1375,1374,1
3153,1376,1375,0
3154,1374,1376,0
3155,1378,1377,1
3156,1380,1379,1
3157,1382,1381,1
3158,1384,1383,1
3159,1386,1385,0
3160,1388,1387,1
3161,1390,1389,1
3162,1392,1391,1
3163,1394,1393,0
3164,1398,1397,1
3165,1403,1402,1
3166,1409,1408,1
3167,1411,1410,1
3168,1413,1412,0
3169,1415,1414,0
3170,1417,1416,1
3171,1419,1418,1
3172,1421,1420,1
3173,1423,1422,1
3174,1427,1426,1
3175,1429,1428,1
3176,1433,1432,0
3177,1438,1437,1
3178,1440,1439,1
3179,1444,1443,0
3180,1448,1447,1
3181,1450,1449,1
3182,1452,1451,1
3183,1454,1453,1
3184,1456,1455,1
3185,1458,1457,1
3186,1460,1459,1
3187,1462,1461,1
3188,1464,1463,1
3189,1468,1467,0
3190,1472,1471,1
3191,1474,1473,1
3192,1476,1475,1
3193,1478,1477,1
3194,1480,1479,0
3195,1482,1481,1
3196,1484,1483,1
3197,1486,1485,0
3198,1488,1487,1
3199,1490,1489,0
3200,1493,1492,1
3201,1495,1494,1
3202,1497,1496,1
3203,1499,1498,1
3204,1501,1500,0
3205,1503,1502,1
3206,1505,1504,0
3207,1510,1509,1
3208,1512,1511,0
3209,1518,1517,1
3210,1520,1519,1
3211,1522,1521,1
3212,1524,1523,1
3213,1526,1525,1
3214,1528,1527,1
3215,1536,1535,1
3216,1538,1537,0
3217,1542,1541,1
3218,1544,1543,0
3219,1546,1545,1
3220,1548,1547,1
3221,1554,1553,1
3222,1556,1555,1
3223,1558,1557,1
3224,1562,1561,1
3225,1564,1563,0
3226,1568,1567,1
3227,1570,1569,1
3228,1572,1571,0
3229,1574,1573,1
3230,1576,1575,1
3231,1578,1577,1
3232,1580,1579,1
3233,1582,1581,1
3234,1584,1583,1
3235,1586,1585,1
3236,1588,1587,1
3237,1590,1589,1
3238,1592,1591,1
3239,1594,1593,1
3240,1598,1597,1
3241,1602,1601,1
3242,1604,1603,1
3243,1606,1605,1
3244,1608,1607,1
3245,1612,1611,1
3246,1614,1613,1
3247,1618,1617,1
3248,1620,1619,1
3249,1624,1623,1
3250,1626,1625,1
3251,1628,1627,1
3252,1630,1629,1
3253,1631,1630,0
3254,1629,1631,0
3255,1633,1632,1
3256,1635,1634,1
3257,1637,1636,1
3258,1641,1640,0
3259,1645,1644,1
3260,1647,1646,0
3261,1650,1649,1
3262,1654,1653,1
3263,1660,1659,1
3264,1663,1662,1
3265,1665,1664,1
3266,1669,1668,1
3267,1671,1670,1
3268,1673,1672,0
3269,1674,1673,0
3270,1672,1674,0
3271,1676,1675,1
3272,1678,1677,1
3273,1680,1679,1
3274,1683,1682,1
3275,1685,1684,0
3276,1687,1686,1
3277,1689,1688,1
3278,1691,1690,0
3279,1695,1694,1
3280,1697,1696,1
3281,1699,1698,0
3282,1703,1702,0
3283,1706,1705,1
3284,1708,1707,1
3285,1710,1709,0
3286,1714,1713,1
3287,1716,1715,1
3288,1718,1717,0
3289,1720,1719,1
3290,1726,1725,1
3291,1728,1727,1
3292,1730,1729,1
3293,1732,1731,0
3294,1735,1734,1
3295,1737,1736,1
3296,1739,1738,1
3297,1745,1744,1
3298,1747,1746,1
3299,1749,1748,1
3300,1751,1750,1
3301,1753,1752,1
3302,1755,1754,1
3303,1757,1756,1
3304,1761,1760,1
3305,1763,1762,1
3306,1765,1764,0
3307,1767,1766,1
3308,1769,1768,1
3309,1771,1770,1
3310,1773,1772,1
3311,1775,1774,1
3312,1777,1776,1
3313,1781,1780,1
3314,1787,1786,1
3315,1789,1788,1
3316,1791,1790,1
3317,1792,1793,0
3318,1795,1794,1
3319,1797,1796,1
3320,1802,1801,1
3321,1804,1803,0
3322,1806,1805,1
3323,1808,1807,1
3324,1810,1809,1
3325,1812,1811,1
3326,1818,1817,0
3327,1820,1819,1
3328,1822,1821,1
3329,1824,1823,1
3330,1826,1825,1
3331,1828,1827,0
3332,1831,1830,1
3333,1833,1832,1
3334,1835,1834,1
3335,1837,1836,0
3336,1838,1837,0
3337,1836,1838,0
3338,1840,1839,1
3339,1844,1843,1
3340,1846,1845,1
3341,1848,1847,1
3342,1850,1849,1
3343,1852,1851,1
3344,1854,1853,1
3345,1859,1858,0
3346,1861,1860,1
3347,1863,1862,1
3348,1865,1864,1
3349,1867,1866,0
3350,1873,1872,0
3351,1879,1878,1
3352,1881,1880,1
3353,1883,1882,1
3354,1885,1884,1
3355,1887,1886,1
3356,1889,1888,0
3357,1891,1890,1
3358,1893,1892,1
3359,1895,1894,1
3360,1897,1896,1
3361,1901,1900,1
3362,1903,1902,1
3363,1905,1904,1
3364,1907,1906,1
3365,1911,1910,0
3366,1914,1913,1
3367,1916,1915,1
3368,1918,1917,1
3369,1922,1921,1
3370,1924,1923,1
3371,1927,1926,0
3372,1929,1928,1
3373,1937,1936,1
3374,1942,1941,1
3375,1945,1944,1
3376,1948,1947,1
3377,1951,1950,0
3378,1958,1957,0
3379,1963,1962,1
3380,1965,1964,0
3381,1975,1974,1
3382,1977,1976,0
3383,1983,1982,1
3384,1992,1991,1
3385,1994,1993,1
3386,1998,1997,1
3387,2000,1999,0
3388,2002,2001,0
3389,2006,2005,0
3390,2009,2008,1
3391,2012,2011,1
3392,2015,2014,0
3393,2018,2017,1
3394,2024,2023,1
3395,2033,2032,1
3396,2038,2037,0
3397,2042,2041,1
3398,2044,2043,0
3399,2047,2046,1
3400,2060,2059,0
3401,2064,2063,0
3402,2069,2068,0
3403,2071,2070,1
3404,2074,2073,0
3405,2077,2076,0
3406,2091,2090,0
3407,2102,2101,1
3408,2106,2105,1
3409,2108,2107,0
3410,2111,2110,1
3411,2113,2112,1
3412,2120,2119,1
3413,2122,2121,0
3414,2128,2127,1
3415,2130,2129,0
3416,2132,2131,0
3417,2135,2134,1
3418,2138,2137,0
3419,2144,2143,1
3420,2146,2145,1
3421,2148,2147,0
3422,2154,2153,0
3423,2158,2157,0
3424,2171,2170,0
3425,2176,2175,0
3426,2178,2177,0
3427,2184,2183,0
3428,2198,2197,1
3429,2207,2206,0
3430,2210,2209,1
3431,2213,2212,0
3432,2215,2214,0
3433,2217,2216,1
3434,2219,2218,0
3435,2222,2221,1
3436,2225,2224,1
3437,2230,2229,1
3438,2234,2233,0
3439,2236,2235,0
3440,2238,2237,0
3441,2247,2246,1
3442,2252,2251,0
3443,2254,2253,1
3444,2258,2257,0
3445,2261,2260,0
3446,2263,2262,1
3447,2274,2273,1
3448,2278,2277,0
3449,2288,2287,1
3450,2290,2289,1
3451,2294,2293,0
3452,2312,2311,0
3453,2314,2313,1
3454,2320,2319,0
3455,2342,2341,1
3456,2344,2343,1
3457,2348,2347,1
3458,2351,2350,1
3459,2355,2354,0
3460,2359,2358,1
3461,2361,2360,0
3462,2364,2363,0
3463,2367,2366,1
3464,2369,2368,0
3465,2371,2370,1
3466,2374,2373,0
3467,2376,2375,0
3468,2379,2378,0
3469,2385,2384,0
3470,2387,2386,0
3471,2390,2389,0
3472,2422,2421,1
3473,2424,2423,1
3474,2441,2440,1
3475,2443,2442,0
3476,2445,2444,0
3477,2454,2453,1
3478,2466,2465,1
3479,2471,2470,1
3480,2490,2489,1
3481,2492,2491,1
3482,2499,2498,0
3483,2501,2500,0
3484,2503,2502,0
3485,2506,2505,1
3486,2520,2519,1
3487,2521,2520,1
3488,2528,2527,1
3489,2534,2533,1
3490,2588,2587,0
3491,2593,2592,1
3492,2595,2594,1
3493,2609,2608,1
3494,2615,2614,1
3495,2630,2629,0
3496,2651,2650,0
3497,2661,2660,1
3498,2663,2662,1
3499,2680,2679,1
3500,2698,2697,1
3501,2702,2701,1
3502,2718,2717,1
3503,2721,2720,1
3504,2734,2733,1
